2 0.2156881012071133 0.6476030469476696 0.06592386258124404 0.04126689363458189
3 0.5552460538532962 0.6320540596306613 0.22284122562674072 0.7358918807386771
3 0.28272980501392747 0.5141854946868876 0.07892293407613737 0.06107500257918074
3 0.21959145775301764 0.49520272361497986 0.05292479108635096 0.05612297534303103
2 0.298514391829155 0.4506344784896317 0.0770659238625811 0.056122975343030956
0 0.3472609099350046 0.4803466419065305 0.1671309192200556 0.5810378623749097
0 0.16759517177344477 0.9225729908181163 0.23862581244196843 0.15485401836376766
0 0.1796657381615599 0.8146084803466419 0.23676880222841226 0.1865263592283091
0 0.2010213556174559 0.7089652326421129 0.21634168987929436 0.17662230475600965
0 0.7641597028783659 0.9192716393273497 0.15227483751160634 0.16145672134530073
0 0.9178272980501392 0.8421197385718109 0.16434540389972122 0.25145293015094694
