4 0.2822655524605385 0.5166615083049624 0.07056638811513459 0.06602702981533064
4 0.2209842154131848 0.4976787372330548 0.0519962859795729 0.04786959661611462
4 0.298050139275766 0.45145981636232335 0.07242339832869081 0.047869596616114694
2 0.2150612638350521 0.6509353602573872 0.05979248921335203 0.05282162385226481
3 0.5659238625812442 0.6130712885587538 0.2256267409470752 0.7738574228824925
3 0.346796657381615 0.4819973176519137 0.14763231197771465 0.5711338079026097
0 0.17409470752089135 0.918446301454658 0.24419684308263695 0.163107397090684
0 0.17455896007428046 0.8088311152378005 0.24883936861652745 0.2046837924275248
0 0.19870009285051082 0.6965851645517381 0.2246982358402973 0.16506757453832613
0 0.9220055710306405 0.8536744687894934 0.1559888579387184 0.2712610390955454
0 0.7618384401114207 0.9126689363458166 0.14577530176415976 0.1746621273083669
