4 0.28133704735376047 0.5125348189415042 0.07985143918291551 0.07097905705148053
4 0.2191272051996286 0.49602806148767153 0.05756731662024141 0.047869596616114764
4 0.2957288765088208 0.45558650572578147 0.0844939647168059 0.04291756937996489
0 0.15923862581244197 0.9159702878365832 0.2590529247910863 0.1680594243268338
0 0.17502321262766946 0.8096564531104922 0.2627669452181987 0.21293717115444138
0 0.19870009285051068 0.6982358402971215 0.23026926648096563 0.15846487155679356
3 0.3435468895078923 0.4869493448880635 0.15227483751160634 0.5711338079026101
0 0.5552460538532962 0.6114206128133702 0.22469823584029716 0.7771587743732585
0 0.7646239554317549 0.9134942742185082 0.15134633240482828 0.17301145156298361
0 0.9210770659238625 0.8627531853891017 0.15784586815227486 0.2696103633501625
2 0.21080588706861803 0.6458866887335395 0.055710306406685194 0.05942432683379775
