4 0.28040854224698236 0.5141854946868873 0.08170844939647168 0.0676777055607139
4 0.2191272051996286 0.4935520478695966 0.051996285979572864 0.05282162385226456
4 0.29619312906220985 0.4506344784896317 0.0779944289693594 0.05282162385226449
0 0.17223769730733507 0.9151449499638915 0.23119777158774354 0.1664087485814505
0 0.17409470752089135 0.8104817909831837 0.24233983286908078 0.2112864954090581
0 0.1977715877437325 0.6932838130609705 0.2209842154131847 0.17827298050139226
0 0.7539461467038069 0.9110182606004332 0.16527390900649963 0.1779634787991334
0 0.9210770659238625 0.8544998066621854 0.15784586815227486 0.2696103633501625
2 0.21350279353894627 0.6430700709107445 0.0566388115134632 0.05363222703480593
3 0.580315691736304 0.626431445372949 0.25069637883008333 0.7345507066955522
3 0.34818941504178247 0.4968533993603629 0.12813370473537572 0.6008459713195083
