0 0.452311 0.417240 0.086529 0.138112
0 0.484267 0.273930 0.063913 0.047523
0 0.535890 0.371203 0.058997 0.102470
0 0.523107 0.531591 0.049164 0.135142
0 0.411504 0.297691 0.075713 0.059403
0 0.338250 0.671931 0.074730 0.062373
0 0.280728 0.746185 0.093412 0.050493
0 0.290069 0.829349 0.098328 0.074254
0 0.371190 0.789995 0.081613 0.063858
0 0.372173 0.724651 0.075713 0.063858
0 0.456244 0.717226 0.076696 0.090590
0 0.434612 0.813756 0.076696 0.060888
0 0.374140 0.859794 0.061947 0.028216
0 0.432645 0.897663 0.053097 0.023761
0 0.482301 0.866476 0.058014 0.053463
0 0.551622 0.900633 0.092429 0.044552
0 0.538348 0.853111 0.073746 0.059403
0 0.524090 0.772916 0.076696 0.038612
0 0.548181 0.680099 0.058014 0.054948
0 0.567847 0.611785 0.067847 0.057918
0 0.699115 0.634804 0.070796 0.059403
0 0.627335 0.703118 0.086529 0.103955
0 0.626844 0.815241 0.081613 0.081679
0 0.710423 0.812271 0.069813 0.069799
0 0.696165 0.887267 0.102262 0.068314
0 0.798918 0.680099 0.071780 0.078709
0 0.756637 0.632577 0.042281 0.072769
0 0.787119 0.840488 0.067847 0.057918
0 0.817601 0.764749 0.054081 0.057918
0 0.715339 0.699405 0.073746 0.034157
0 0.691740 0.755096 0.061947 0.035642