0 0.408179 0.659465 0.109568 0.129630
0 0.703704 0.467078 0.104938 0.127572
0 0.219136 0.534979 0.117284 0.106996
0 0.306199 0.227366 0.084619 0.080247
0 0.539352 0.209877 0.091049 0.098765
0 0.556842 0.739883 0.082305 0.077160
0 0.689943 0.624143 0.073302 0.065158
0 0.606353 0.480967 0.065586 0.077160
0 0.554270 0.349794 0.092593 0.078875
0 0.654578 0.247771 0.061728 0.087449
0 0.657150 0.347222 0.082305 0.056584
0 0.405093 0.248628 0.061728 0.065158
0 0.253344 0.333505 0.092593 0.060014
0 0.171682 0.420953 0.070730 0.063443
0 0.327289 0.467250 0.068158 0.063443
0 0.425669 0.525549 0.061728 0.084019
0 0.295139 0.597565 0.081019 0.073731
0 0.195473 0.666152 0.092593 0.070302
0 0.525334 0.814472 0.068158 0.061728
0 0.372942 0.355796 0.069444 0.060014
6 0.466178 0.397805 0.104167 0.102881