0 0.515302 0.440024 0.081121 0.072079
0 0.454462 0.492004 0.049779 0.056831
0 0.494100 0.548142 0.068215 0.055445
0 0.516224 0.492697 0.046091 0.055445
0 0.588127 0.521112 0.060841 0.054059
0 0.566925 0.573785 0.062684 0.067920
0 0.656803 0.553686 0.045170 0.072079
0 0.707965 0.614676 0.070059 0.072079
0 0.790929 0.665269 0.058997 0.092871
0 0.772954 0.770615 0.072824 0.040198
0 0.776180 0.835070 0.058997 0.074851
0 0.658647 0.706853 0.080199 0.076237
0 0.685380 0.792100 0.063606 0.074851
0 0.601032 0.747744 0.075590 0.052673
0 0.560011 0.680517 0.059919 0.056831
0 0.599650 0.630616 0.065450 0.037425
0 0.516224 0.611210 0.046091 0.065148
0 0.512537 0.731804 0.079277 0.048514
0 0.312961 0.759526 0.059919 0.087326
0 0.441556 0.793486 0.086652 0.049901
0 0.337389 0.652101 0.057153 0.049901
0 0.284384 0.571013 0.050701 0.056831
0 0.317109 0.454578 0.044248 0.059603
0 0.378411 0.469825 0.039639 0.090098
0 0.255347 0.480221 0.046091 0.088712
0 0.218934 0.535667 0.063606 0.080395
0 0.232301 0.578636 0.053466 0.058217
0 0.240136 0.625765 0.093105 0.052673
0 0.236910 0.683289 0.106932 0.073465