0 0.055556 0.511317 0.043210 0.059671
0 0.110340 0.563786 0.057099 0.057613
0 0.128858 0.658436 0.075617 0.049383
0 0.161265 0.739712 0.047840 0.055556
0 0.217593 0.746914 0.070988 0.078189
0 0.288580 0.758230 0.067901 0.063786
0 0.358025 0.752058 0.064815 0.067901
0 0.441358 0.755144 0.077160 0.074074
0 0.550926 0.699588 0.061728 0.069959
0 0.648148 0.751029 0.064815 0.057613
0 0.659722 0.636831 0.057099 0.047325
0 0.753858 0.649177 0.072531 0.055556
0 0.825617 0.565844 0.061728 0.057613
0 0.697531 0.525720 0.049383 0.039095
0 0.638117 0.557613 0.060185 0.049383
0 0.448302 0.595679 0.063272 0.039095
0 0.425926 0.663580 0.058642 0.051440
0 0.347994 0.604938 0.047840 0.057613
0 0.279321 0.594650 0.040123 0.049383
0 0.222994 0.537037 0.054012 0.061728
0 0.402778 0.525720 0.077160 0.055556
0 0.391204 0.463992 0.072531 0.059671
0 0.326389 0.492798 0.054012 0.059671
0 0.298611 0.420782 0.038580 0.059671
0 0.360340 0.349794 0.057099 0.057613
0 0.243827 0.406379 0.043210 0.051440
0 0.190586 0.441358 0.050926 0.055556
0 0.117284 0.405350 0.055556 0.045267
0 0.162037 0.346708 0.046296 0.063786
0 0.129630 0.298354 0.055556 0.049383
0 0.218364 0.308642 0.054012 0.057613
0 0.280093 0.305556 0.050926 0.043210
0 0.289352 0.242798 0.038580 0.061728
0 0.251543 0.222222 0.046296 0.069959
0 0.337963 0.125514 0.043210 0.041152
0 0.439815 0.122428 0.040123 0.043210
0 0.364969 0.203704 0.035494 0.037037
0 0.390432 0.239712 0.052469 0.063786
0 0.421296 0.317901 0.058642 0.076132
0 0.462963 0.244856 0.030864 0.057613
0 0.503086 0.074074 0.040123 0.045267
0 0.453704 0.190329 0.043210 0.034979
0 0.566946 0.085244 0.036008 0.035273
0 0.543798 0.144523 0.044092 0.038213
0 0.645944 0.114638 0.042622 0.037233
0 0.609935 0.153341 0.044092 0.038213
0 0.592666 0.187635 0.055115 0.042132
0 0.537184 0.220459 0.045561 0.047031
0 0.628674 0.220459 0.049236 0.039193
0 0.712081 0.164119 0.039683 0.038213
0 0.517710 0.332158 0.055115 0.064668
0 0.602954 0.311697 0.055115 0.044841
0 0.559597 0.387027 0.047766 0.054870
0 0.514771 0.458064 0.047766 0.051930
0 0.561802 0.502646 0.059524 0.048991
0 0.619121 0.462473 0.050705 0.047031
0 0.695179 0.422301 0.054380 0.045072
0 0.624265 0.384088 0.053645 0.056829
0 0.681217 0.365961 0.045561 0.042132
0 0.737801 0.372820 0.035273 0.055850
0 0.856028 0.453885 0.045389 0.077463
0 0.827433 0.334665 0.049927 0.066570
0 0.798838 0.230574 0.056282 0.064149
0 0.725309 0.308642 0.038126 0.041152
0 0.706699 0.258412 0.053558 0.047204