0 0.135660 0.399177 0.121447 0.119342
0 0.245258 0.258230 0.094788 0.117284
0 0.353375 0.173868 0.091826 0.092593
0 0.500741 0.175926 0.108117 0.137860
0 0.640701 0.262346 0.094788 0.121399
0 0.722899 0.403292 0.119966 0.115226
0 0.736969 0.563786 0.106636 0.144033
0 0.654771 0.708848 0.117004 0.129630
0 0.498519 0.776749 0.097750 0.100823
0 0.333381 0.732510 0.125890 0.123457
0 0.196383 0.591564 0.130333 0.113169
0 0.314868 0.577160 0.136257 0.096708
0 0.280063 0.427984 0.102193 0.135802
0 0.358559 0.300412 0.087382 0.115226
0 0.532583 0.338477 0.115523 0.125514
0 0.577015 0.475309 0.106636 0.119342
0 0.436314 0.475309 0.097750 0.123457
0 0.491854 0.601852 0.108117 0.125514