0 0.849739 0.313786 0.160334 0.146091
0 0.874406 0.417695 0.192048 0.131687
0 0.786310 0.584362 0.177953 0.131687
0 0.724643 0.696502 0.156810 0.141975
0 0.548452 0.803498 0.192048 0.104938
0 0.346714 0.860082 0.172667 0.106996
0 0.091237 0.846708 0.151524 0.162551
0 0.217214 0.695473 0.174429 0.152263
0 0.453309 0.679012 0.132143 0.144033
0 0.278881 0.544239 0.202619 0.104938
0 0.411905 0.437243 0.162096 0.117284
0 0.570476 0.329218 0.190286 0.074074
0 0.636548 0.469136 0.181477 0.090535
0 0.562548 0.587449 0.174429 0.117284
0 0.711429 0.220165 0.169143 0.119342
0 0.667381 0.094650 0.200858 0.106996
0 0.514095 0.217078 0.123334 0.117284
0 0.333500 0.166667 0.149762 0.086420
0 0.311476 0.294239 0.140953 0.102881
0 0.156428 0.310700 0.155048 0.111111
0 0.048262 0.119342 0.096523 0.144033
0 0.168761 0.154321 0.130381 0.131687
0 0.305309 0.053498 0.181477 0.090535
0 0.507048 0.054527 0.165619 0.109053