0 0.349151 0.268776 0.129887 0.126029
0 0.227623 0.306713 0.128601 0.091307
0 0.212191 0.408951 0.120885 0.090021
0 0.401235 0.453961 0.092593 0.110597
0 0.477752 0.306713 0.088735 0.101595
0 0.596065 0.189043 0.127315 0.082305
0 0.702803 0.307356 0.111883 0.100309
0 0.621142 0.253344 0.105453 0.100309
0 0.588349 0.359439 0.101595 0.091307
0 0.585134 0.489326 0.092593 0.106739
0 0.509259 0.413452 0.095165 0.114455
0 0.298354 0.592850 0.126029 0.141461
0 0.392876 0.731096 0.075874 0.091307
0 0.453961 0.859053 0.074588 0.079733
0 0.524691 0.801183 0.084877 0.105453
0 0.689300 0.878987 0.123457 0.104167
0 0.709877 0.755530 0.105453 0.104167
0 0.827546 0.768390 0.119599 0.106739
0 0.541409 0.664866 0.105453 0.118313
0 0.502186 0.563272 0.119599 0.113169
0 0.711163 0.588349 0.100309 0.117027
0 0.821759 0.587063 0.113169 0.091307
0 0.907279 0.635288 0.083591 0.131173
0 0.821759 0.451389 0.120885 0.144033