0 0.283951 0.687243 0.148148 0.086420
0 0.561728 0.650206 0.135802 0.069959
0 0.548354 0.539095 0.080247 0.078189
0 0.755144 0.561728 0.078189 0.078189
0 0.719136 0.456790 0.166667 0.065844
0 0.804527 0.377572 0.119342 0.063786
0 0.619342 0.348765 0.168724 0.084362
0 0.630658 0.241770 0.104938 0.026749
0 0.383745 0.505144 0.125514 0.072016
0 0.133745 0.542181 0.069959 0.067901
0 0.193416 0.634774 0.082305 0.084362
0 0.232510 0.484568 0.127572 0.067901
0 0.080247 0.434156 0.090535 0.078189
0 0.051440 0.572016 0.090535 0.139918
0 0.192387 0.373457 0.125514 0.109053
0 0.322016 0.361111 0.133745 0.059671
0 0.256173 0.279835 0.113169 0.082305
0 0.390947 0.229424 0.086420 0.080247