0 0.384186 0.717078 0.194568 0.117284
0 0.354846 0.533951 0.129712 0.096708
0 0.228223 0.345679 0.148242 0.090535
0 0.276092 0.222222 0.157507 0.094650
0 0.411981 0.104938 0.145154 0.086420
0 0.535516 0.215021 0.151331 0.084362
0 0.674493 0.052469 0.157507 0.084362
0 0.467572 0.390947 0.163684 0.123457
0 0.583386 0.541152 0.142065 0.086420
0 0.768689 0.689300 0.234717 0.135802
0 0.941480 0.443416 0.117040 0.133745
0 0.768689 0.324074 0.179126 0.096708
0 0.821191 0.183128 0.166772 0.102881
0 0.932214 0.081276 0.135571 0.113169
0 0.927741 0.072016 0.003088 0.000000
0 0.949200 0.318930 0.101599 0.102881