0 0.434182 0.061347 0.055333 0.044963
0 0.356907 0.072016 0.051517 0.040390
0 0.408424 0.115455 0.082045 0.022100
0 0.451831 0.144795 0.090631 0.018290
0 0.429412 0.187471 0.087769 0.032007
0 0.344982 0.217574 0.103987 0.052583
0 0.255305 0.208048 0.054379 0.044201
0 0.286310 0.163085 0.043884 0.027435
0 0.350706 0.153940 0.041022 0.036580
0 0.307775 0.135269 0.058195 0.022100
0 0.296804 0.110120 0.057241 0.014480
0 0.113157 0.170706 0.071551 0.039628
0 0.178030 0.153559 0.065827 0.034294
0 0.236702 0.131078 0.053425 0.033531
0 0.174214 0.187471 0.062011 0.039628
0 0.208081 0.203094 0.059149 0.060204
0 0.210943 0.398186 0.064873 0.025149
0 0.177076 0.443149 0.056287 0.029721
0 0.245765 0.421811 0.073459 0.029721
0 0.257690 0.439720 0.034344 0.030483
0 0.310160 0.447721 0.053425 0.034294
0 0.279632 0.480491 0.053425 0.038866
0 0.217622 0.478967 0.043884 0.029721
0 0.197587 0.469441 0.061057 0.032007
0 0.114588 0.484301 0.057241 0.028197
0 0.139870 0.504496 0.050563 0.045725
0 0.100278 0.521643 0.047700 0.035818
0 0.073566 0.567749 0.062965 0.050297
0 0.136531 0.546792 0.059149 0.016004
0 0.179938 0.517071 0.086815 0.043439
0 0.321132 0.522405 0.065827 0.034294
0 0.258644 0.510974 0.043884 0.043439
0 0.213328 0.543362 0.079183 0.041152
0 0.147502 0.573083 0.063919 0.047249
0 0.170398 0.608520 0.075367 0.041914
0 0.242426 0.579942 0.062965 0.036580
0 0.310637 0.573464 0.050563 0.043439
0 0.247673 0.621475 0.081091 0.037342
0 0.478066 0.573845 0.080137 0.054870
0 0.426550 0.552507 0.066781 0.033531
0 0.347367 0.634431 0.066781 0.051059
0 0.260075 0.667581 0.090631 0.045725
0 0.282494 0.722070 0.078229 0.072398
0 0.198064 0.755220 0.077275 0.067063
0 0.116496 0.651578 0.057241 0.027435
0 0.175645 0.657293 0.030528 0.043439
0 0.113157 0.689681 0.054379 0.060966
0 0.172306 0.698445 0.056287 0.058680
0 0.102663 0.751410 0.103987 0.059442
0 0.125083 0.823045 0.097309 0.067063
0 0.237656 0.792562 0.074413 0.067063
0 0.324948 0.861530 0.115435 0.101357
0 0.459940 0.814662 0.129745 0.089925
0 0.355476 0.764365 0.082999 0.070111
0 0.445630 0.729310 0.068689 0.065539
0 0.390774 0.709114 0.081091 0.066301
0 0.543416 0.715973 0.092539 0.083067
0 0.618749 0.785322 0.100103 0.089163
0 0.463765 0.651440 0.086548 0.063374
0 0.406066 0.639506 0.086548 0.055967
0 0.526100 0.616049 0.081396 0.073251
0 0.563707 0.642798 0.094790 0.057613
0 0.729075 0.671193 0.110245 0.060082
0 0.628618 0.659259 0.072123 0.055967
0 0.699710 0.607819 0.107154 0.043621
0 0.806350 0.611523 0.075214 0.059259
0 0.573495 0.513580 0.081396 0.051029
0 0.616254 0.563374 0.088608 0.065021
0 0.707438 0.552263 0.085517 0.047737
0 0.803259 0.550206 0.093760 0.046914
0 0.898564 0.525926 0.092730 0.064198
0 0.776985 0.462963 0.078305 0.045267
0 0.771834 0.496708 0.115397 0.051852
0 0.845502 0.490123 0.087578 0.027160
0 0.719287 0.456379 0.115397 0.053498
0 0.715681 0.406584 0.071093 0.029630
0 0.746590 0.380658 0.071093 0.033745
0 0.806865 0.387243 0.084487 0.038683
0 0.857866 0.424691 0.073153 0.054321
0 0.936171 0.436214 0.075214 0.039506
0 0.932050 0.392181 0.069032 0.053498
0 0.933595 0.357202 0.063881 0.051029
0 0.896504 0.332099 0.072123 0.061728
0 0.810986 0.330864 0.065941 0.031276
0 0.831078 0.349794 0.079335 0.051029
0 0.694044 0.365432 0.071093 0.044444
0 0.639436 0.347737 0.060790 0.025514
0 0.727529 0.333745 0.074184 0.040329
0 0.830047 0.293827 0.081396 0.032922
0 0.773379 0.268724 0.066971 0.027160
0 0.744015 0.301646 0.072123 0.028807
0 0.688377 0.309465 0.026789 0.023045
0 0.555979 0.359671 0.058729 0.036214
0 0.490038 0.350617 0.060790 0.024691
0 0.562161 0.296296 0.064911 0.032922
0 0.561131 0.332922 0.062850 0.035391
0 0.648194 0.317284 0.065941 0.033745
0 0.648709 0.281893 0.066971 0.033745
0 0.714650 0.255967 0.060790 0.027984
0 0.647164 0.239918 0.049456 0.027160
0 0.592556 0.235802 0.049456 0.030453
0 0.582768 0.269136 0.046365 0.031276