4 0.469136 0.662551 0.070988 0.086420
4 0.619599 0.681070 0.100309 0.115226
4 0.569444 0.391975 0.120370 0.092593
4 0.331790 0.497942 0.098765 0.082305
1 0.407407 0.437243 0.086420 0.092593
1 0.250772 0.617284 0.171296 0.209877
1 0.577932 0.237654 0.140432 0.125514
4 0.212963 0.135802 0.089506 0.082305
4 0.786265 0.236626 0.066358 0.102881
4 0.476852 0.067901 0.086420 0.086420
4 0.288580 0.208848 0.080247 0.076132
4 0.114969 0.255144 0.115741 0.127572
4 0.141975 0.465021 0.111111 0.111111
4 0.131173 0.704733 0.064815 0.150206
4 0.045525 0.811728 0.081790 0.121399