0 0.736150 0.377229 0.166178 0.144033
0 0.653061 0.226337 0.210648 0.096022
0 0.523161 0.167181 0.142773 0.090878
0 0.470499 0.257202 0.191924 0.099451
0 0.595718 0.380658 0.170859 0.168038
0 0.393261 0.436385 0.243416 0.142318
0 0.594547 0.588134 0.210648 0.106310
0 0.543056 0.683299 0.215329 0.108025
0 0.375707 0.769890 0.231713 0.133745
0 0.429540 0.600137 0.156816 0.102881
0 0.358153 0.684156 0.135751 0.089163
0 0.270383 0.613855 0.189583 0.092593
0 0.177932 0.699588 0.243416 0.068587
0 0.206019 0.784465 0.154475 0.166324
0 0.081944 0.772462 0.163888 0.114883
0 0.088992 0.641289 0.145113 0.109739
0 0.117078 0.534122 0.205967 0.111454
0 0.128781 0.318073 0.154475 0.087449
0 0.280916 0.306927 0.117027 0.078875
0 0.158038 0.437243 0.166178 0.048011
0 0.220062 0.377229 0.121708 0.037723