1 0.772056 0.502058 0.188247 0.078189
1 0.334961 0.613169 0.175354 0.086420
1 0.787529 0.404321 0.152145 0.100823
1 0.434242 0.346708 0.110885 0.076132
1 0.167344 0.425926 0.175354 0.065844
1 0.674064 0.579218 0.131515 0.100823
4 0.559311 0.545267 0.092834 0.057613
4 0.605728 0.452675 0.128937 0.061728
4 0.377510 0.532922 0.110885 0.057613
4 0.178948 0.526749 0.095413 0.045267
4 0.266625 0.504115 0.079941 0.041152
4 0.518051 0.396091 0.067047 0.059671
4 0.596702 0.387860 0.064468 0.034979
4 0.333672 0.375514 0.054153 0.030864