0 0.529499 0.727876 0.117994 0.159292
0 0.792773 0.684735 0.181416 0.188053
0 0.919617 0.567478 0.137168 0.165929
0 0.492365 0.579125 0.120597 0.111921
0 0.645931 0.543337 0.110186 0.118428
0 0.248525 0.737832 0.160767 0.161504
0 0.092183 0.627212 0.122419 0.126106
0 0.268437 0.574115 0.138643 0.121681
0 0.050147 0.481195 0.100294 0.126106
0 0.052360 0.308628 0.104720 0.134956
0 0.112094 0.185841 0.088496 0.110619
0 0.255900 0.112832 0.113569 0.075221
0 0.261062 0.265487 0.123894 0.110619
0 0.393805 0.295354 0.053097 0.090708
0 0.351032 0.181416 0.064897 0.070796
0 0.487463 0.076327 0.057522 0.064159
0 0.582596 0.066372 0.061947 0.070796
0 0.723451 0.098451 0.110619 0.090708
0 0.624631 0.170354 0.101770 0.070796
0 0.493363 0.158186 0.078171 0.050885
0 0.538348 0.237832 0.088496 0.090708
0 0.539823 0.360619 0.100295 0.106195
0 0.496313 0.467920 0.140118 0.108407
0 0.661504 0.429204 0.110619 0.084071
0 0.627581 0.295354 0.113569 0.117257
0 0.735988 0.271018 0.070796 0.099558
0 0.808997 0.423673 0.110619 0.121681
0 0.941003 0.295354 0.094395 0.095133
0 0.947640 0.435841 0.104720 0.092920
0 0.845133 0.163717 0.120944 0.030973