0 0.361206 0.788550 0.072528 0.088356
0 0.410163 0.711692 0.061649 0.089567
0 0.458213 0.814573 0.076155 0.113774
0 0.494930 0.713508 0.069808 0.102881
0 0.566552 0.813362 0.100633 0.111353
0 0.668544 0.797023 0.128738 0.088356
0 0.593750 0.699588 0.069808 0.096829
0 0.556579 0.610022 0.073435 0.084725
0 0.518955 0.533769 0.079781 0.084725
0 0.469545 0.621520 0.060742 0.090777
0 0.464851 0.449931 0.069869 0.065844
0 0.383680 0.476680 0.069869 0.058985
0 0.412963 0.537037 0.077061 0.056241
0 0.349773 0.626200 0.071924 0.086420
0 0.266547 0.755144 0.080144 0.116598
0 0.217228 0.681070 0.088363 0.069959
0 0.284699 0.505095 0.090272 0.053890
0 0.292772 0.573192 0.074126 0.092103
0 0.188189 0.599157 0.086602 0.042132
0 0.180116 0.526651 0.089538 0.051930
0 0.167272 0.461003 0.059447 0.059769
0 0.232591 0.429649 0.057979 0.051930
0 0.178281 0.389477 0.060915 0.042132
0 0.190391 0.334117 0.052842 0.058789
0 0.254975 0.356163 0.052842 0.042132
0 0.301579 0.407113 0.057979 0.055850
0 0.395887 0.377719 0.051374 0.051930
0 0.345614 0.353714 0.060915 0.048991
0 0.288368 0.318440 0.055044 0.048991
0 0.219982 0.290352 0.050518 0.059442
0 0.521377 0.381802 0.091617 0.073160
0 0.431050 0.295912 0.053074 0.059130
0 0.378593 0.292275 0.046237 0.051440
0 0.430434 0.243172 0.058847 0.039282
0 0.417474 0.202955 0.048338 0.029929
0 0.401011 0.164609 0.046237 0.037411
0 0.361780 0.193135 0.050440 0.042088
0 0.366683 0.240834 0.051841 0.030864
0 0.301181 0.265619 0.044135 0.031799
0 0.306436 0.210438 0.042033 0.041152
0 0.251442 0.243172 0.053943 0.057987
0 0.443592 0.147952 0.039631 0.047031
0 0.495700 0.122477 0.044035 0.070547
0 0.509644 0.220459 0.048438 0.056829
0 0.560651 0.216539 0.056512 0.050950
0 0.476251 0.183715 0.037430 0.046051
0 0.530561 0.169508 0.041833 0.037233
0 0.551477 0.123947 0.052842 0.046051
0 0.613860 0.128356 0.052842 0.041152
0 0.583403 0.170488 0.055044 0.058789
0 0.677344 0.144523 0.038898 0.046051
0 0.660097 0.189104 0.070456 0.041152
0 0.651657 0.231726 0.057979 0.042132
0 0.623401 0.293455 0.048438 0.051930
0 0.682481 0.261121 0.044769 0.051930
0 0.754405 0.241035 0.033026 0.047031
0 0.798807 0.206741 0.036696 0.068587
0 0.767249 0.184695 0.030824 0.061728
0 0.711838 0.208211 0.055044 0.032334
0 0.719544 0.162160 0.044035 0.046051
0 0.633640 0.363940 0.085513 0.066872
0 0.726222 0.387731 0.079951 0.060442
0 0.710328 0.325360 0.077061 0.038580
0 0.629414 0.452675 0.073208 0.066872
0 0.636157 0.540123 0.090547 0.087449
0 0.702647 0.483539 0.084816 0.054012
0 0.685765 0.610854 0.097290 0.059156
0 0.734892 0.713735 0.104996 0.097737
0 0.798949 0.660365 0.105959 0.055298
0 0.740431 0.556584 0.083226 0.039095
0 0.846005 0.598765 0.097097 0.057613
0 0.890700 0.522634 0.103262 0.069959
0 0.810557 0.496914 0.084767 0.076132
0 0.905929 0.440182 0.080364 0.069077
0 0.807951 0.394621 0.078162 0.048501
0 0.791438 0.340241 0.056145 0.048501
0 0.776576 0.292475 0.057245 0.049971
0 0.842078 0.277043 0.060548 0.060259
0 0.877306 0.316725 0.086969 0.066138
0 0.902076 0.357878 0.083666 0.069077