0 0.171091 0.362279 0.076696 0.124393
0 0.252950 0.290086 0.098820 0.086631
0 0.374631 0.231221 0.091445 0.062197
0 0.518437 0.206787 0.125369 0.093295
0 0.648968 0.247881 0.085546 0.108844
0 0.719764 0.354504 0.082596 0.153270
0 0.764012 0.467791 0.123894 0.126615
0 0.740413 0.586631 0.156342 0.111066
0 0.612094 0.673262 0.103245 0.115508
0 0.512537 0.624393 0.104720 0.106623
0 0.455752 0.713246 0.132743 0.115508
0 0.488201 0.477787 0.100295 0.115508
0 0.618732 0.512217 0.104720 0.104402
0 0.603245 0.367832 0.091445 0.086631
0 0.449115 0.336734 0.089971 0.073303
0 0.363569 0.408926 0.101770 0.088852
0 0.392330 0.572193 0.106195 0.113287
0 0.275074 0.646606 0.122419 0.088852
0 0.205752 0.506664 0.104720 0.102180