0 0.063272 0.222222 0.126543 0.123457
0 0.279321 0.198560 0.188272 0.133745
0 0.506173 0.193416 0.228395 0.127572
0 0.708333 0.309671 0.250000 0.162551
0 0.828704 0.501029 0.280864 0.104938
0 0.754630 0.704733 0.225309 0.166667
0 0.462963 0.766461 0.259259 0.146091
0 0.162037 0.864198 0.212963 0.148148
0 0.091049 0.679012 0.182098 0.127572
0 0.239198 0.629630 0.175926 0.111111
0 0.467593 0.613169 0.262346 0.094650
0 0.510802 0.483539 0.231481 0.119342
0 0.484568 0.340535 0.185185 0.092593
0 0.263889 0.351852 0.182099 0.111111
0 0.097222 0.374486 0.157407 0.127572
0 0.271605 0.496914 0.283951 0.080247
0 0.035494 0.525720 0.070988 0.133745