1 0.252212 0.183521 0.073746 0.077292
1 0.452065 0.110407 0.075221 0.077292
1 0.231563 0.537601 0.041298 0.087737
5 0.339233 0.607582 0.073746 0.089826
5 0.648968 0.514623 0.079646 0.096093
5 0.435841 0.535512 0.089971 0.125338
5 0.558997 0.361084 0.058997 0.073114
4 0.220501 0.313037 0.022124 0.052224
4 0.186578 0.450909 0.054572 0.048046
4 0.606195 0.629516 0.097345 0.075203
4 0.724926 0.465532 0.063422 0.039690
4 0.786136 0.317215 0.061947 0.052224
4 0.705015 0.293192 0.050147 0.037601
4 0.584071 0.264991 0.061947 0.027157
4 0.561947 0.173076 0.020649 0.064758