0 0.493363 0.575163 0.122419 0.176853
0 0.727139 0.571847 0.144543 0.103901
0 0.801622 0.414890 0.113569 0.112744
0 0.614307 0.429259 0.107670 0.114954
0 0.679204 0.324252 0.140118 0.086216
0 0.185103 0.419311 0.119469 0.090637
4 0.370944 0.660273 0.089971 0.095058
4 0.510324 0.378414 0.112094 0.079584
4 0.370206 0.380624 0.067847 0.070741
4 0.873894 0.540897 0.087021 0.046424
4 0.086283 0.480104 0.060472 0.084005
4 0.176991 0.322042 0.064897 0.050845
4 0.315634 0.209298 0.056047 0.046424
4 0.536873 0.261248 0.053097 0.044213
4 0.620206 0.155137 0.051622 0.061899