3 0.336347 0.798685 0.053226 0.064483
3 0.391176 0.779245 0.038476 0.059741
3 0.434783 0.825237 0.037194 0.037931
3 0.503078 0.818125 0.039118 0.054052
3 0.378213 0.418679 0.048462 0.054526
3 0.256532 0.513710 0.057944 0.066989
3 0.239676 0.306512 0.017910 0.035831
3 0.297619 0.375059 0.038980 0.038947
3 0.410872 0.246533 0.061104 0.040505
3 0.578382 0.236407 0.035820 0.079452
3 0.614201 0.332217 0.044248 0.049852
3 0.448799 0.357533 0.042141 0.022849
3 0.529218 0.603159 0.037224 0.052968
3 0.385588 0.502416 0.030903 0.044659
3 0.774336 0.549688 0.057153 0.046347
3 0.731010 0.482894 0.036873 0.040894
3 0.795077 0.362255 0.047013 0.053163
0 0.340155 0.217761 0.081121 0.113141
0 0.451696 0.226622 0.088496 0.106326
0 0.221239 0.287963 0.106932 0.089968
0 0.350756 0.341126 0.072824 0.079063
0 0.459993 0.322724 0.101401 0.072247
0 0.467367 0.412010 0.105088 0.098147
0 0.575221 0.356121 0.099558 0.068157
0 0.642515 0.275013 0.082965 0.099510
0 0.564159 0.203448 0.101401 0.084515
0 0.742994 0.307047 0.092183 0.095420
0 0.656342 0.431775 0.134587 0.066794
0 0.165007 0.382021 0.105088 0.098147
0 0.147493 0.527877 0.119838 0.109052
0 0.241058 0.677142 0.142883 0.121320
0 0.418510 0.652605 0.077434 0.115868
0 0.306047 0.596035 0.097714 0.114504
0 0.285306 0.469944 0.085730 0.091331
0 0.273783 0.385428 0.086652 0.069521
0 0.524060 0.487665 0.106010 0.066794
0 0.407448 0.513564 0.105088 0.115868
0 0.498314 0.590046 0.099031 0.116841
0 0.615255 0.588489 0.111673 0.101262
0 0.545723 0.792896 0.122911 0.145402
0 0.671091 0.693840 0.142576 0.125410
0 0.821657 0.672030 0.097099 0.103599
0 0.662488 0.538441 0.110619 0.090877
0 0.849558 0.543621 0.138643 0.100328
0 0.853982 0.399672 0.165192 0.087241
3 0.868732 0.437840 0.029499 0.045802