4 0.259190 0.519547 0.045526 0.043210
4 0.344252 0.502058 0.047922 0.032922
4 0.465256 0.635802 0.050319 0.037037
4 0.526357 0.619342 0.052715 0.041152
4 0.799515 0.635802 0.076676 0.061728
4 0.691690 0.756173 0.062299 0.051440
4 0.194494 0.566872 0.136579 0.043210
4 0.446087 0.309671 0.045526 0.047325
4 0.569488 0.231481 0.076676 0.039095
4 0.812694 0.379630 0.069488 0.055556
1 0.628193 0.486626 0.079072 0.076132
1 0.696482 0.252058 0.076676 0.080247
1 0.865409 0.505144 0.055111 0.072016
1 0.783941 0.323045 0.126995 0.074074