0 0.691003 0.192604 0.104720 0.161787
0 0.716814 0.314680 0.082596 0.094131
0 0.594395 0.364687 0.132743 0.170612
0 0.592183 0.514708 0.092920 0.147079
0 0.435841 0.389690 0.134218 0.144138
0 0.409292 0.517650 0.119469 0.094131
0 0.532448 0.663258 0.097345 0.144138
0 0.682891 0.738269 0.120944 0.152963
0 0.520649 0.810338 0.115044 0.173554
0 0.353982 0.811808 0.126844 0.147079
0 0.411504 0.686791 0.094395 0.126488
0 0.314159 0.600014 0.085546 0.135313
0 0.290560 0.448522 0.123894 0.120605
0 0.185103 0.523533 0.122419 0.141196
0 0.149705 0.623547 0.146018 0.100014
0 0.196903 0.755918 0.119469 0.152963