0 0.362654 0.697531 0.117284 0.086420
0 0.585648 0.763374 0.152778 0.090535
0 0.668981 0.609053 0.075617 0.102881
0 0.738426 0.676955 0.087963 0.090535
0 0.797840 0.567901 0.080247 0.102881
0 0.692130 0.504115 0.100309 0.057613
0 0.808642 0.458848 0.070988 0.061728
0 0.715278 0.407407 0.075617 0.057613
0 0.519290 0.508230 0.115741 0.098765
0 0.490741 0.600823 0.077160 0.094650
0 0.327932 0.595679 0.081790 0.072016
0 0.368827 0.517490 0.086420 0.051440
0 0.277778 0.492798 0.077160 0.084362
0 0.369599 0.445473 0.087963 0.072016
0 0.426698 0.387860 0.087963 0.055556
0 0.476080 0.355967 0.066358 0.057613
0 0.550926 0.359053 0.070988 0.063786