0 0.861574 0.138889 0.241049 0.129630
0 0.657047 0.288066 0.321399 0.135802
0 0.412346 0.184156 0.182613 0.092593
0 0.797659 0.437243 0.171656 0.100823
0 0.941744 0.490741 0.116512 0.133745
0 0.633308 0.552469 0.222788 0.121399
0 0.662526 0.729424 0.222788 0.166667
0 0.412346 0.738683 0.211831 0.094650
0 0.386780 0.866255 0.226440 0.127572
0 0.158513 0.616255 0.178961 0.109053
0 0.156687 0.736626 0.241049 0.094650
0 0.346605 0.469136 0.175309 0.069959
0 0.096605 0.312757 0.193210 0.139918
0 0.434259 0.615226 0.109568 0.069959