0 0.159404 0.860082 0.233160 0.123457
0 0.458467 0.851535 0.246172 0.113960
0 0.782007 0.840456 0.232105 0.129788
0 0.713430 0.701171 0.256722 0.113960
0 0.966613 0.686135 0.066774 0.118708
0 0.258013 0.980374 0.386841 0.039252
0 0.629029 0.989870 0.165287 0.020260
0 0.885728 0.985122 0.228543 0.029756
0 0.141315 0.712251 0.282630 0.132953
0 0.119102 0.571383 0.235621 0.126622
0 0.440883 0.560304 0.196937 0.120291
0 0.702880 0.539728 0.165287 0.136119
0 0.947271 0.522317 0.105458 0.107629
0 0.906829 0.371162 0.186342 0.102881
0 0.636062 0.394903 0.263755 0.093384
0 0.365273 0.398069 0.221554 0.083887
0 0.101518 0.402026 0.193421 0.129788
0 0.113181 0.261159 0.226362 0.113960
0 0.370548 0.266698 0.225071 0.115543
0 0.602653 0.263533 0.203971 0.109212
0 0.892762 0.243748 0.214476 0.120291
0 0.855858 0.106046 0.196937 0.120291
0 0.583311 0.132953 0.221554 0.079139
0 0.314281 0.136910 0.168803 0.109212
0 0.090322 0.143242 0.180644 0.106046
0 0.073384 0.026907 0.144186 0.053814
0 0.270321 0.016619 0.179354 0.033238
0 0.539352 0.015036 0.147703 0.030072
0 0.753873 0.023742 0.239138 0.047483