0 0.095336 0.387860 0.096022 0.063786
0 0.070645 0.440329 0.090535 0.053498
0 0.059671 0.538066 0.090535 0.088477
0 0.077503 0.634774 0.082305 0.084362
0 0.133745 0.716049 0.096022 0.098765
0 0.224280 0.777778 0.057613 0.086420
0 0.372428 0.831276 0.123457 0.115226
0 0.384774 0.729424 0.159122 0.080247
0 0.229767 0.671811 0.090535 0.088477
0 0.191358 0.574074 0.117970 0.090535
0 0.143347 0.484568 0.104252 0.022634
0 0.162551 0.440329 0.043896 0.053498
0 0.179012 0.330247 0.082305 0.043210
0 0.331276 0.404321 0.079561 0.043210
0 0.309328 0.403292 0.128944 0.024691
0 0.188615 0.383745 0.052126 0.055556
0 0.242112 0.468107 0.126200 0.067901
0 0.295610 0.527778 0.106996 0.059671
0 0.336763 0.603909 0.112483 0.055556
0 0.705761 0.771605 0.142661 0.069959
0 0.676955 0.872428 0.134431 0.111111
0 0.816872 0.832305 0.123457 0.072016
0 0.766118 0.690329 0.137174 0.076132
0 0.746914 0.602881 0.071331 0.069959
0 0.848422 0.620370 0.087791 0.047325
0 0.919753 0.677984 0.120713 0.051440
0 0.867627 0.745885 0.142661 0.072016
0 0.949931 0.789095 0.082305 0.059671
0 0.851166 0.527778 0.076818 0.063786
0 0.936214 0.556584 0.093278 0.072016
0 0.912894 0.479424 0.112483 0.049383
0 0.741427 0.487654 0.087791 0.053498
0 0.768861 0.425926 0.093278 0.053498
0 0.853909 0.422840 0.109739 0.039095
0 0.922497 0.372428 0.076818 0.057613
0 0.842936 0.310700 0.104252 0.057613
0 0.757888 0.338477 0.076818 0.034979
0 0.748285 0.296296 0.057613 0.049383
0 0.692044 0.261317 0.060357 0.032922
0 0.623457 0.379630 0.071331 0.055556
0 0.645405 0.326132 0.071331 0.047325
0 0.613855 0.262346 0.057613 0.076132
0 0.460219 0.262346 0.096022 0.080247
0 0.294239 0.284979 0.098765 0.030864
0 0.450617 0.351852 0.109739 0.049383
0 0.388889 0.276749 0.074074 0.055556
0 0.344993 0.316872 0.085048 0.028807