3 0.317109 0.408643 0.129794 0.129882
3 0.721239 0.485691 0.109145 0.165104
3 0.617994 0.342601 0.132743 0.077048
3 0.444690 0.279862 0.119469 0.154097
3 0.645280 0.052019 0.128319 0.090257
3 0.968289 0.166491 0.063422 0.099062
3 0.876844 0.210518 0.113569 0.099062
3 0.981563 0.669506 0.036873 0.123277
3 0.368732 0.569344 0.106195 0.138687
0 0.637168 0.808194 0.238938 0.180513
0 0.859882 0.711333 0.194690 0.171708
0 0.892330 0.476885 0.171091 0.125479
0 0.838496 0.324990 0.148968 0.103465
0 0.698378 0.203914 0.146018 0.191520
0 0.828909 0.068529 0.156342 0.105666
0 0.575221 0.201713 0.168142 0.138687
0 0.529499 0.060824 0.112094 0.103465
0 0.376844 0.069487 0.166667 0.138973
0 0.178466 0.130168 0.162242 0.114472
0 0.140118 0.330494 0.185841 0.167305
0 0.317109 0.236935 0.153392 0.134284
0 0.238201 0.544028 0.178466 0.167305
0 0.497050 0.454872 0.147493 0.077048
0 0.465339 0.636486 0.213864 0.220138
0 0.625369 0.533021 0.067847 0.176111