0 0.126106 0.686243 0.154867 0.213879
0 0.257375 0.582908 0.089971 0.180235
0 0.058260 0.471162 0.104720 0.153801
0 0.180678 0.395463 0.113569 0.084110
0 0.126106 0.199608 0.113569 0.153801
0 0.054572 0.293330 0.091445 0.115351
0 0.331121 0.277710 0.125369 0.136979
0 0.233776 0.222438 0.113569 0.122560
0 0.220501 0.102281 0.092920 0.165817
0 0.320796 0.081854 0.128319 0.091319
0 0.511799 0.093870 0.129794 0.105738
0 0.413717 0.211623 0.060472 0.192251
0 0.528024 0.314958 0.115044 0.163413
0 0.727139 0.224841 0.120944 0.127366
0 0.675516 0.097474 0.067847 0.093722
0 0.584808 0.209220 0.098820 0.110544
0 0.879794 0.222438 0.119469 0.156204
0 0.941003 0.479573 0.117994 0.136979
0 0.912979 0.603335 0.153392 0.168220
0 0.731563 0.454340 0.150442 0.110544
0 0.641593 0.342594 0.147493 0.112948
0 0.549410 0.442325 0.181416 0.105738
0 0.541298 0.568489 0.168142 0.156204
0 0.679941 0.680235 0.126844 0.173026
0 0.524336 0.715081 0.101770 0.146591
0 0.547198 0.888107 0.079646 0.213879
0 0.399705 0.873688 0.147493 0.156204
0 0.370206 0.705468 0.159292 0.108141