0 0.188053 0.410029 0.063422 0.085546
0 0.835546 0.264012 0.078171 0.106195
0 0.850295 0.464602 0.051622 0.088496
0 0.844395 0.688791 0.078171 0.112094
0 0.645280 0.728614 0.089971 0.115044
0 0.507375 0.792035 0.085546 0.135693
0 0.372419 0.728614 0.092920 0.144543
0 0.229351 0.744838 0.095870 0.117994
0 0.317847 0.907080 0.104720 0.088496
0 0.533186 0.497050 0.075221 0.094395
0 0.557522 0.628319 0.094395 0.109145
0 0.639381 0.460177 0.087021 0.091445
0 0.730826 0.569322 0.060472 0.156342
0 0.754425 0.933628 0.084071 0.100295
0 0.592183 0.939528 0.104720 0.064897
0 0.460177 0.967552 0.094395 0.050147
0 0.198378 0.569322 0.081121 0.085546
0 0.300147 0.504425 0.048673 0.156342
0 0.370206 0.396755 0.053097 0.100295
0 0.436578 0.474926 0.044248 0.115044
0 0.250737 0.244838 0.073746 0.085546
0 0.323009 0.123894 0.058997 0.067847
0 0.424041 0.132743 0.066372 0.079646
0 0.326696 0.283186 0.066372 0.103245
0 0.480088 0.272861 0.081121 0.088496
0 0.575221 0.240413 0.067847 0.082596
0 0.632743 0.325959 0.050147 0.123894
0 0.730088 0.376106 0.058997 0.100295
0 0.672566 0.222714 0.053097 0.047198
0 0.711652 0.125369 0.075221 0.082596
0 0.563422 0.126844 0.064897 0.091445
0 0.621681 0.056047 0.057522 0.067847
0 0.530973 0.035398 0.064897 0.067847
0 0.426254 0.024336 0.088496 0.048672