0 0.189986 0.284979 0.159122 0.088477
0 0.151578 0.427984 0.148148 0.086420
0 0.074760 0.596708 0.098765 0.098765
0 0.078875 0.720165 0.106996 0.139918
0 0.280521 0.789095 0.109739 0.117284
0 0.476680 0.859053 0.134431 0.109053
0 0.635802 0.872428 0.194787 0.082305
0 0.812757 0.803498 0.208505 0.104938
0 0.906036 0.707819 0.120713 0.115226
0 0.957133 0.550412 0.085734 0.092593
0 0.976337 0.424897 0.047325 0.092593
0 0.948903 0.333333 0.102194 0.069959
0 0.906036 0.244856 0.131687 0.069959
0 0.771605 0.172840 0.104252 0.082305
0 0.290123 0.162551 0.150892 0.065844
0 0.490398 0.147119 0.112483 0.092593
0 0.613855 0.170782 0.101509 0.069959
0 0.484911 0.248971 0.139918 0.065844
0 0.338134 0.360082 0.131687 0.074074
0 0.291495 0.478395 0.131687 0.084362
0 0.270919 0.580247 0.128944 0.090535
0 0.395748 0.684156 0.131687 0.076132
0 0.508230 0.712963 0.109739 0.100823
0 0.672840 0.663580 0.153635 0.092593
0 0.827846 0.606996 0.128944 0.078189
0 0.804527 0.507202 0.115226 0.088477
0 0.811385 0.409465 0.101509 0.102881
0 0.718107 0.304527 0.112483 0.069959
0 0.605624 0.265432 0.117970 0.065844
0 0.500000 0.365226 0.131687 0.076132
0 0.652263 0.382716 0.106996 0.074074
0 0.653635 0.551440 0.137174 0.090535
0 0.605624 0.462963 0.128944 0.078189
0 0.442387 0.466049 0.142661 0.084362
0 0.494513 0.577160 0.148148 0.088477