0 0.353224 0.773663 0.227709 0.185185
0 0.796296 0.761317 0.246914 0.156379
0 0.602881 0.858025 0.282579 0.189300
0 0.097737 0.729424 0.195473 0.232510
0 0.033265 0.537037 0.066529 0.074074
0 0.037380 0.394033 0.074760 0.113169
0 0.077503 0.216049 0.137174 0.148148
0 0.166667 0.136831 0.156379 0.137860
0 0.339506 0.095679 0.172840 0.129630
0 0.572702 0.063786 0.172840 0.127572
0 0.862140 0.048354 0.246914 0.084362
0 0.847051 0.154321 0.211248 0.086420
0 0.664609 0.247942 0.263374 0.113169
0 0.388889 0.236626 0.233196 0.094650
0 0.195473 0.377572 0.235940 0.137860
0 0.279150 0.495885 0.194787 0.160494
0 0.490398 0.397119 0.271605 0.131687
0 0.602881 0.569959 0.189300 0.164609
0 0.816872 0.429012 0.183813 0.137860
0 0.913237 0.613169 0.173525 0.127572
0 0.924211 0.304527 0.151578 0.160494
0 0.925240 0.925926 0.126200 0.131687
0 0.745542 0.985597 0.205761 0.028806
0 0.046982 0.927984 0.093964 0.127572