6 0.513117 0.528807 0.171296 0.082305
0 0.275463 0.431070 0.137346 0.133745
0 0.483796 0.323045 0.168210 0.102881
0 0.706019 0.325103 0.137346 0.127572
0 0.876543 0.398148 0.141975 0.104938
0 0.939815 0.527778 0.120370 0.088477
0 0.920525 0.673868 0.155864 0.162551
0 0.597994 0.769547 0.202160 0.106996
0 0.590278 0.644033 0.134259 0.082305
0 0.746142 0.509259 0.158951 0.084362
0 0.597994 0.448560 0.149691 0.082305
0 0.394290 0.483539 0.128086 0.102881
0 0.391975 0.622428 0.141975 0.080247
0 0.346451 0.735597 0.162037 0.125514
0 0.213735 0.588477 0.125000 0.119342