0 0.165123 0.526749 0.182099 0.102881
0 0.302469 0.613169 0.141975 0.086420
0 0.476852 0.584362 0.151235 0.074074
0 0.424383 0.754115 0.114198 0.133745
0 0.827160 0.723251 0.141975 0.104938
0 0.961420 0.718107 0.077160 0.119342
0 0.819444 0.590535 0.132716 0.069959
0 0.933642 0.493827 0.132716 0.127572
0 0.876543 0.344650 0.123457 0.088477
0 0.770062 0.238683 0.126543 0.065844
0 0.830247 0.165638 0.111111 0.072016
0 0.597222 0.144033 0.200617 0.061728
0 0.569444 0.211934 0.151235 0.061728
0 0.631173 0.283951 0.151235 0.078189
0 0.449074 0.282922 0.188272 0.084362
0 0.195988 0.200617 0.145062 0.084362
0 0.205247 0.307613 0.126543 0.084362
0 0.425926 0.402263 0.123457 0.076132
0 0.206790 0.713992 0.141975 0.098765
6 0.112654 0.641975 0.058642 0.074074
6 0.640432 0.671811 0.064815 0.104938
6 0.373457 0.495885 0.185185 0.061728