0 0.227485 0.377572 0.109598 0.088477
0 0.372629 0.320988 0.115523 0.115226
0 0.531843 0.307613 0.114041 0.109053
0 0.705867 0.352881 0.094788 0.100823
0 0.333381 0.479424 0.128852 0.094650
0 0.186016 0.524691 0.118485 0.106996
0 0.184535 0.650206 0.118485 0.115226
0 0.363002 0.604938 0.111079 0.123457
0 0.400769 0.781893 0.091826 0.086420
0 0.505184 0.690329 0.119966 0.092593
0 0.517773 0.543210 0.118485 0.094650
0 0.494076 0.429012 0.145144 0.117284
0 0.633295 0.477366 0.139219 0.098765
0 0.662176 0.625514 0.102193 0.148148
0 0.642922 0.782922 0.143663 0.125514
0 0.796212 0.728395 0.142182 0.139918
0 0.894702 0.570988 0.140701 0.113169
0 0.836941 0.436214 0.125890 0.131687