0 0.289086 0.461263 0.070796 0.103298
0 0.422566 0.296631 0.060472 0.105451
0 0.582596 0.257894 0.053097 0.105451
0 0.637168 0.322456 0.076696 0.071018
0 0.748525 0.500000 0.078171 0.098994
0 0.823746 0.659252 0.078171 0.055953
0 0.766962 0.810971 0.088496 0.092538
0 0.664454 0.741030 0.081121 0.086082
0 0.620944 0.624819 0.058997 0.129123
0 0.562684 0.453731 0.072271 0.083930
0 0.514012 0.608679 0.048673 0.079626
0 0.415929 0.619439 0.067847 0.079626
0 0.294248 0.708749 0.066372 0.086082
0 0.342920 0.930410 0.092920 0.060257
0 0.461652 0.757170 0.079646 0.088234
0 0.494100 0.870153 0.091445 0.081778
0 0.623894 0.929334 0.106195 0.088234