0 0.714506 0.573045 0.175926 0.228395
0 0.535494 0.373457 0.163580 0.207819
0 0.348765 0.597737 0.151235 0.183128
0 0.246142 0.373457 0.186728 0.133745
0 0.621914 0.196502 0.108025 0.154321
0 0.777778 0.378601 0.141975 0.152263
0 0.952932 0.517490 0.094136 0.179012
0 0.890432 0.261317 0.163580 0.176955
0 0.882716 0.082305 0.123457 0.131687
0 0.676698 0.079218 0.146605 0.113169
0 0.347222 0.115226 0.212963 0.148148
0 0.103395 0.174897 0.151235 0.074074
0 0.070216 0.500000 0.109568 0.234568
0 0.149691 0.034979 0.064815 0.069958
0 0.044753 0.073045 0.089506 0.137860