0 0.299383 0.690329 0.154321 0.092593
0 0.584362 0.644033 0.185185 0.078189
0 0.576132 0.536008 0.102881 0.063786
0 0.766461 0.576132 0.109053 0.069959
0 0.744856 0.467078 0.197531 0.074074
0 0.792181 0.382716 0.098765 0.069959
0 0.679012 0.334362 0.127572 0.055556
0 0.576132 0.359053 0.090535 0.055556
0 0.619342 0.253086 0.082305 0.041152
0 0.390947 0.230453 0.115226 0.061728
0 0.248971 0.283951 0.139918 0.065844
0 0.314815 0.354938 0.152263 0.047325
0 0.153292 0.352881 0.125514 0.047325
0 0.080247 0.431070 0.111111 0.051440
0 0.222222 0.479424 0.111111 0.061728
0 0.121399 0.532922 0.111111 0.057613
0 0.208848 0.611111 0.125514 0.045267
0 0.402263 0.500000 0.146091 0.102881