0 0.244731 0.407407 0.219587 0.078189
0 0.159641 0.476337 0.197628 0.067901
0 0.158268 0.577160 0.216842 0.063786
0 0.156896 0.671811 0.225076 0.084362
0 0.472552 0.692387 0.230566 0.063786
0 0.421772 0.579218 0.205862 0.084362
0 0.394324 0.491770 0.167435 0.053498
0 0.500000 0.403292 0.153711 0.065844
0 0.701745 0.391975 0.194883 0.063786
0 0.601559 0.479424 0.153711 0.061728
0 0.649593 0.574074 0.145476 0.074074
0 0.779973 0.694444 0.285462 0.084362
0 0.885649 0.584362 0.205862 0.065844
0 0.877414 0.484568 0.205862 0.067901