0 0.226909 0.356451 0.109409 0.064149
0 0.180801 0.530138 0.126602 0.065359
0 0.324596 0.688695 0.126602 0.091987
0 0.489491 0.570080 0.121913 0.077463
0 0.584051 0.700194 0.107846 0.105301
0 0.823188 0.539821 0.110972 0.084725
0 0.623908 0.442387 0.121913 0.061728
0 0.838037 0.342532 0.118787 0.079884
0 0.494961 0.323771 0.117224 0.071411
0 0.651260 0.223312 0.114098 0.076253
0 0.422282 0.216049 0.093779 0.071411
3 0.394149 0.326797 0.228196 0.108932
3 0.651260 0.543452 0.223507 0.164609
3 0.287084 0.429073 0.070334 0.076253
0 0.344133 0.449044 0.128165 0.065359