0 0.078189 0.597737 0.138889 0.080247
0 0.267233 0.611111 0.192901 0.057613
0 0.208076 0.514403 0.120885 0.090535
0 0.188786 0.439300 0.123457 0.067901
0 0.382973 0.507202 0.115741 0.096708
0 0.467850 0.579218 0.100309 0.076132
0 0.606739 0.533951 0.115741 0.096708
0 0.506430 0.457819 0.136317 0.096708
0 0.683899 0.451646 0.167181 0.067901
0 0.735340 0.377572 0.167181 0.063786
0 0.722479 0.305556 0.182613 0.039095
0 0.519290 0.381687 0.141461 0.055556
0 0.332819 0.374486 0.113169 0.065844
0 0.457562 0.332305 0.126029 0.059671
0 0.592593 0.254115 0.164609 0.067901
0 0.518004 0.191358 0.138889 0.057613
0 0.436986 0.254115 0.115741 0.076132
0 0.313529 0.311728 0.090021 0.067901
0 0.125772 0.312757 0.126029 0.074074
0 0.282665 0.221193 0.156893 0.084362
0 0.417695 0.144033 0.133745 0.061728
0 0.247942 0.129630 0.154321 0.065844
0 0.148920 0.086420 0.126029 0.049383
0 0.154064 0.205761 0.110597 0.078189
0 0.035237 0.177984 0.070473 0.063786
0 0.040381 0.456790 0.080761 0.069959