0 0.172068 0.216049 0.109568 0.115226
0 0.334105 0.050412 0.106481 0.100823
0 0.543981 0.032922 0.125000 0.065844
0 0.440586 0.168724 0.109568 0.123457
0 0.522377 0.296296 0.066358 0.135802
0 0.798611 0.251029 0.155864 0.148148
0 0.740741 0.459877 0.154321 0.187243
0 0.706790 0.705761 0.138889 0.181070
0 0.533179 0.727366 0.192901 0.240741
0 0.406636 0.391975 0.121914 0.183128
0 0.509259 0.501029 0.151235 0.162551
0 0.669753 0.521605 0.095679 0.154321
0 0.382716 0.703704 0.126543 0.275720
0 0.236883 0.600823 0.152778 0.144033
0 0.159722 0.423868 0.177469 0.176955