0 0.152949 0.105967 0.167353 0.088477
0 0.057956 0.200617 0.115912 0.125514
0 0.166667 0.269547 0.161866 0.082305
0 0.076132 0.371399 0.145405 0.096708
0 0.084362 0.484568 0.139918 0.092593
0 0.154321 0.590535 0.137174 0.082305
0 0.060700 0.731481 0.121399 0.104938
0 0.068930 0.878601 0.137860 0.123457
0 0.446502 0.921811 0.205761 0.131687
0 0.265432 0.783951 0.150892 0.094650
0 0.280521 0.666667 0.164609 0.086420
0 0.290123 0.527778 0.167353 0.067901
0 0.375171 0.438272 0.101509 0.086420
0 0.279150 0.375514 0.139918 0.088477
0 0.430041 0.303498 0.128944 0.080247
0 0.344993 0.215021 0.101509 0.084362
0 0.291495 0.045267 0.137174 0.082305
0 0.532922 0.132716 0.126200 0.113169
0 0.548011 0.027778 0.145405 0.055556
0 0.800412 0.076132 0.123457 0.094650
0 0.954390 0.094650 0.091220 0.115226
0 0.709877 0.196502 0.123457 0.084362
0 0.873114 0.231481 0.120713 0.076132
0 0.937929 0.396091 0.124142 0.121399
0 0.956790 0.698560 0.068587 0.166667
0 0.789438 0.834362 0.156379 0.187243
0 0.565844 0.675926 0.164609 0.088477
0 0.468450 0.599794 0.161866 0.125514
0 0.500000 0.472222 0.098765 0.088477
0 0.574074 0.376543 0.137174 0.098765
0 0.619342 0.289095 0.134431 0.100823
0 0.775720 0.380658 0.145405 0.098765
0 0.674211 0.471193 0.161866 0.106996
0 0.657750 0.575103 0.106996 0.121399
0 0.826475 0.623457 0.186557 0.102881
0 0.885460 0.500000 0.161866 0.111111