4 0.474108 0.439386 0.058299 0.047154
4 0.575274 0.504544 0.061728 0.042010
4 0.838192 0.432527 0.089163 0.069444
4 0.686728 0.513546 0.056013 0.037723
4 0.595279 0.329647 0.069730 0.033436
4 0.364941 0.323217 0.032007 0.036008
4 0.356367 0.393519 0.072016 0.034294
4 0.278064 0.510117 0.043439 0.044582
4 0.258059 0.577846 0.046868 0.041152
4 0.339792 0.625429 0.059442 0.038580
1 0.751315 0.555127 0.109739 0.060871
1 0.539838 0.379372 0.096022 0.048868
1 0.286637 0.411523 0.072016 0.056584
1 0.182613 0.534551 0.083448 0.052298
1 0.447817 0.258059 0.049154 0.041152
1 0.537551 0.276063 0.093736 0.046296
1 0.630716 0.272634 0.062872 0.042867
1 0.216907 0.366941 0.069730 0.042867
1 0.448960 0.680727 0.072016 0.051440