0 0.400016 0.687676 0.106400 0.101798
0 0.396361 0.797596 0.121832 0.089885
0 0.466618 0.726662 0.073912 0.095300
0 0.304175 0.658436 0.078785 0.062811
0 0.390270 0.575049 0.106400 0.077973
0 0.482050 0.518194 0.080409 0.087719
0 0.489360 0.628113 0.072287 0.084470
0 0.552307 0.690383 0.125081 0.115876
0 0.651803 0.695798 0.121020 0.074724
0 0.735461 0.755902 0.090156 0.086636
0 0.725860 0.557683 0.093695 0.095377
0 0.661144 0.594000 0.097466 0.098549
0 0.577485 0.508447 0.105588 0.107212
0 0.206129 0.698119 0.103616 0.188125
0 0.249669 0.557760 0.100309 0.136684
0 0.151014 0.571723 0.074956 0.073486
0 0.152116 0.443122 0.077160 0.148442
0 0.230379 0.409318 0.112434 0.124927
0 0.235340 0.274838 0.098104 0.105820
0 0.314153 0.366696 0.068342 0.107290
0 0.294863 0.228542 0.054012 0.080835
0 0.372575 0.209436 0.103616 0.157260
0 0.401786 0.376984 0.087081 0.154321
0 0.487765 0.404174 0.060626 0.141093
0 0.450838 0.266755 0.044092 0.110229
0 0.477293 0.159465 0.055115 0.083774
0 0.547288 0.157995 0.067240 0.101411
0 0.544533 0.260141 0.101411 0.102881
0 0.626653 0.418136 0.047399 0.089653
0 0.663029 0.340976 0.062831 0.058789
0 0.675705 0.244709 0.099206 0.063198
0 0.655864 0.182981 0.103616 0.083774
0 0.757826 0.300558 0.071649 0.101411
0 0.824515 0.319665 0.105820 0.104350
0 0.751213 0.387272 0.040785 0.063198
0 0.687831 0.434303 0.081570 0.092593
0 0.832231 0.538654 0.079365 0.089653
0 0.801367 0.634921 0.077160 0.041152
0 0.568232 0.774544 0.117945 0.035273