0 0.279053 0.434156 0.092705 0.074074
0 0.296822 0.539095 0.094250 0.069959
0 0.390299 0.679012 0.061803 0.086420
0 0.415793 0.525720 0.072619 0.088477
0 0.406523 0.390947 0.054078 0.078189
0 0.433562 0.251029 0.043262 0.045267
0 0.577254 0.274691 0.074164 0.072016
0 0.521631 0.423868 0.083434 0.078189
0 0.678457 0.334362 0.060258 0.072016
0 0.724037 0.425926 0.089615 0.057613
0 0.734852 0.548354 0.083434 0.092593
0 0.700088 0.699588 0.057168 0.111111
0 0.564893 0.557613 0.071074 0.115226
0 0.560258 0.707819 0.080344 0.098765
0 0.607383 0.403292 0.078799 0.086420