0 0.411981 0.205761 0.188391 0.123457
0 0.669248 0.148663 0.159052 0.103909
0 0.937164 0.197016 0.123535 0.134774
0 0.784290 0.309671 0.166772 0.133745
0 0.525638 0.330247 0.168317 0.102881
0 0.260037 0.348765 0.168317 0.094650
0 0.192865 0.481996 0.157507 0.108025
0 0.260037 0.644033 0.211554 0.115226
0 0.401331 0.774691 0.206921 0.100823
0 0.646857 0.810185 0.169861 0.118313
0 0.913229 0.778807 0.171405 0.109053
0 0.835248 0.605453 0.185303 0.105967
0 0.933838 0.445988 0.132324 0.116255
0 0.681601 0.481996 0.165228 0.087449
0 0.412912 0.521605 0.168317 0.092593
0 0.597443 0.649177 0.182214 0.115226
6 0.517145 0.865226 0.049414 0.028807
6 0.704559 0.816529 0.048385 0.058299
6 0.549111 0.777092 0.027795 0.042524
6 0.627865 0.712620 0.080298 0.048011
6 0.449253 0.442387 0.110152 0.041152
6 0.736987 0.414266 0.078239 0.039781
6 0.555288 0.423868 0.052502 0.049383
6 0.596981 0.578532 0.053532 0.050069
6 0.846110 0.605624 0.084416 0.043896
6 0.831265 0.142387 0.081533 0.059259
6 0.559487 0.162140 0.069180 0.083951
6 0.448923 0.651029 0.038296 0.019753
6 0.424834 0.585597 0.059297 0.056790
6 0.941211 0.474074 0.049414 0.036214
6 0.957239 0.553498 0.074121 0.051440
6 0.961633 0.300412 0.076733 0.049383