0 0.148459 0.484568 0.162766 0.154321
0 0.266758 0.121399 0.161088 0.119342
0 0.519297 0.079218 0.162766 0.113169
0 0.506712 0.256173 0.161088 0.137860
0 0.793650 0.097737 0.161088 0.125514
0 0.763446 0.318930 0.208072 0.106996
0 0.640113 0.440329 0.139274 0.205761
0 0.410227 0.504115 0.142630 0.127572
0 0.214740 0.743827 0.184580 0.125514
0 0.474830 0.930041 0.134240 0.139918
0 0.671156 0.704733 0.161088 0.174897
0 0.765963 0.935185 0.199682 0.129630
0 0.949682 0.824074 0.100636 0.183128
0 0.813786 0.490741 0.161088 0.072016
0 0.949682 0.231481 0.100636 0.117284