0 0.275074 0.332150 0.113569 0.097462
0 0.263274 0.464806 0.107670 0.081218
0 0.352507 0.586633 0.076696 0.108291
0 0.466814 0.635363 0.072271 0.124534
0 0.474926 0.527073 0.094395 0.075803
0 0.401180 0.429611 0.091445 0.081218
0 0.408555 0.321320 0.088496 0.064974
0 0.359145 0.229273 0.069322 0.081218
0 0.480826 0.167006 0.076696 0.086633
0 0.501475 0.272590 0.076696 0.064974
0 0.514012 0.398478 0.060472 0.100169
0 0.623894 0.619120 0.079646 0.119120
0 0.758850 0.502707 0.001475 0.000000
0 0.747050 0.535194 0.092920 0.075803
0 0.763274 0.387648 0.081121 0.078511
0 0.741888 0.288833 0.094395 0.086633
0 0.603245 0.214383 0.097345 0.073096
0 0.611357 0.314552 0.110619 0.062267
0 0.640118 0.403892 0.076696 0.062267
0 0.605457 0.486464 0.113569 0.113705
0 0.751475 0.571743 0.013274 0.002707