0 0.197640 0.274197 0.144543 0.115304
0 0.306785 0.152888 0.123894 0.093684
0 0.502950 0.092834 0.103245 0.088880
0 0.670354 0.142078 0.110619 0.100891
0 0.778761 0.235762 0.159292 0.124912
0 0.884218 0.421930 0.137168 0.160945
0 0.813422 0.570864 0.143068 0.170553
0 0.674041 0.682564 0.153392 0.168151
0 0.666667 0.471174 0.138643 0.172956
0 0.648230 0.303023 0.143068 0.134521
0 0.519912 0.204534 0.146018 0.086478
0 0.366519 0.287409 0.125369 0.141727
0 0.314159 0.445951 0.144543 0.132119
0 0.147493 0.389501 0.174041 0.086478
0 0.180678 0.550445 0.122419 0.172956
0 0.343658 0.754629 0.153392 0.144130
0 0.524336 0.760634 0.143068 0.151336
0 0.453540 0.590081 0.166667 0.156140
0 0.491888 0.400310 0.137168 0.141727