0 0.296721 0.683128 0.313160 0.189300
0 0.557687 0.656379 0.181303 0.185185
0 0.763714 0.570988 0.230750 0.125514
0 0.865354 0.459877 0.197785 0.113169
0 0.894197 0.342593 0.123616 0.125514
0 0.721135 0.169753 0.118122 0.072016
0 0.513735 0.158436 0.148339 0.078189
0 0.299468 0.125514 0.104387 0.090535
0 0.129152 0.156379 0.142845 0.078189
0 0.269250 0.218107 0.098893 0.057613
0 0.119538 0.269547 0.178556 0.057613
0 0.081058 0.368313 0.162116 0.119342
0 0.037106 0.547325 0.074212 0.152263
0 0.281612 0.521605 0.244485 0.067901
0 0.343420 0.421811 0.186797 0.094650
0 0.317323 0.309671 0.167568 0.063786
0 0.376384 0.232510 0.186797 0.061728
0 0.570049 0.261317 0.123616 0.090535
0 0.512362 0.314815 0.200532 0.065844
0 0.663448 0.421811 0.156580 0.098765
0 0.515109 0.486626 0.200532 0.096708