0 0.932891 0.800912 0.084071 0.177550
0 0.858407 0.614139 0.070796 0.136044
0 0.963127 0.614139 0.073746 0.131433
0 0.855457 0.453883 0.085546 0.092234
0 0.812684 0.363956 0.094395 0.119904
0 0.850295 0.244052 0.078171 0.106069
0 0.686578 0.274028 0.095870 0.087622
0 0.756637 0.188712 0.085546 0.078399
0 0.661504 0.089561 0.084071 0.087622
0 0.543510 0.063044 0.075221 0.089928
0 0.565634 0.216382 0.060472 0.092234
0 0.557522 0.433131 0.067847 0.110680
0 0.691003 0.475789 0.092920 0.103763
0 0.688791 0.622209 0.100295 0.078399
0 0.653392 0.729431 0.150442 0.140656
0 0.814159 0.928703 0.135693 0.142594
0 0.628319 0.954067 0.126844 0.091866
0 0.427729 0.863170 0.079646 0.163715
0 0.337758 0.881616 0.165192 0.112986
0 0.276549 0.761713 0.075221 0.149880
0 0.357670 0.651032 0.087021 0.232890
0 0.463127 0.564563 0.076696 0.156797
0 0.554572 0.660256 0.097345 0.191385
0 0.457227 0.400849 0.044248 0.092234
0 0.505162 0.295933 0.072271 0.131433
0 0.471976 0.169112 0.082596 0.103763
0 0.425516 0.052851 0.066372 0.105702
0 0.321534 0.064196 0.112094 0.083010
0 0.261799 0.144901 0.098820 0.115292
0 0.239676 0.254428 0.072271 0.085316
0 0.304572 0.308615 0.087021 0.096845
0 0.408555 0.285557 0.100295 0.110680
0 0.203540 0.352426 0.094395 0.133739
0 0.177729 0.503459 0.110619 0.140656
0 0.146018 0.702914 0.123894 0.119904
0 0.245575 0.609527 0.104720 0.145268
0 0.281711 0.461954 0.112094 0.062258
0 0.388643 0.420449 0.098820 0.108374