3 0.630748 0.668272 0.078084 0.040344
3 0.399531 0.644196 0.049453 0.059865
3 0.302794 0.521864 0.036439 0.052056
3 0.314506 0.420354 0.061600 0.036439
3 0.264185 0.327303 0.033837 0.045549
3 0.370901 0.324701 0.045983 0.045549
3 0.349644 0.171786 0.045115 0.046851
3 0.496269 0.157470 0.045115 0.039042
3 0.547024 0.234253 0.044248 0.054659
3 0.657644 0.238808 0.036439 0.042946
3 0.720979 0.341619 0.032969 0.045549
3 0.674996 0.471109 0.036439 0.052056
3 0.621638 0.407340 0.042513 0.033837
3 0.458962 0.335112 0.045115 0.040344
3 0.439875 0.504295 0.036439 0.063769
3 0.572185 0.582379 0.073746 0.058563
6 0.456793 0.398881 0.316675 0.274597
0 0.314073 0.253123 0.069408 0.063769
0 0.381312 0.197814 0.056394 0.067673
0 0.444213 0.156819 0.058997 0.081989
0 0.514923 0.167231 0.065070 0.071577
0 0.586934 0.177642 0.068541 0.074180
0 0.646365 0.229047 0.043380 0.070276
0 0.689745 0.356585 0.079820 0.072879
0 0.691046 0.448334 0.075482 0.055960
0 0.682370 0.538131 0.066805 0.079386
0 0.641593 0.650052 0.059865 0.089797
0 0.589103 0.726184 0.064203 0.088496
0 0.479351 0.674128 0.068541 0.085893
0 0.490196 0.600599 0.071144 0.089797
0 0.531407 0.517959 0.049453 0.078084
0 0.603418 0.490630 0.063335 0.088496
0 0.398230 0.547892 0.038175 0.078084
0 0.329256 0.626627 0.052924 0.089797
0 0.281104 0.536830 0.071144 0.050755
0 0.267222 0.432717 0.071144 0.061166
0 0.344005 0.376106 0.052924 0.083290
0 0.401267 0.301926 0.066805 0.059865
0 0.449419 0.268090 0.060732 0.062467
0 0.492799 0.335763 0.074614 0.059865
0 0.586500 0.290213 0.062467 0.054659