0 0.292939 0.253411 0.105047 0.099632
0 0.477583 0.166233 0.082305 0.102881
0 0.652480 0.207927 0.083387 0.099632
0 0.773771 0.343297 0.089885 0.112627
0 0.583171 0.338423 0.085553 0.083387
0 0.523067 0.470544 0.099632 0.118042
0 0.474875 0.288066 0.001083 0.000000
0 0.395820 0.355209 0.079056 0.101798
0 0.324886 0.494910 0.110461 0.086636
0 0.435348 0.620533 0.103964 0.077973
0 0.297271 0.714208 0.089885 0.063894
0 0.451050 0.803011 0.107212 0.105047
0 0.652480 0.788932 0.098549 0.079056
0 0.569634 0.652480 0.084470 0.081222
0 0.656270 0.517652 0.082305 0.095300
0 0.829002 0.615660 0.087719 0.098549
0 0.201971 0.415313 0.120208 0.085553
0 0.192766 0.575590 0.121291 0.066060
3 0.336257 0.820338 0.081222 0.120208
3 0.538770 0.779727 0.066060 0.075807
3 0.713667 0.805718 0.084470 0.051982
3 0.740199 0.685510 0.066060 0.090968
3 0.710418 0.575049 0.056314 0.080139
3 0.522525 0.568551 0.055231 0.054148
3 0.377951 0.695798 0.077973 0.105047
3 0.200347 0.623782 0.071475 0.032489
3 0.354668 0.473793 0.107212 0.118042
3 0.819796 0.403400 0.064977 0.124540
3 0.604288 0.250704 0.095300 0.135369
3 0.374702 0.181936 0.090968 0.090968
3 0.442928 0.334633 0.155945 0.090968
3 0.237708 0.347628 0.079056 0.101798
3 0.186810 0.481373 0.096383 0.100715
3 0.314057 0.640567 0.041152 0.070392
3 0.670890 0.397444 0.083387 0.062811
3 0.751029 0.240416 0.061728 0.049816
3 0.588586 0.461880 0.031406 0.122374
3 0.506823 0.257202 0.067143 0.042235
3 0.579381 0.140784 0.051982 0.047650