0 0.375000 0.125514 0.095679 0.090535
0 0.322531 0.224280 0.092593 0.078189
0 0.243056 0.322016 0.078704 0.100823
0 0.231481 0.466049 0.083333 0.088477
0 0.202932 0.566872 0.091049 0.072016
0 0.266975 0.698560 0.067901 0.092593
0 0.469907 0.096708 0.075617 0.074074
0 0.560185 0.114198 0.049383 0.096708
0 0.631944 0.145062 0.069444 0.072016
0 0.710648 0.184156 0.047840 0.084362
0 0.754630 0.282922 0.074074 0.059671
0 0.776235 0.368313 0.058642 0.065844
0 0.811728 0.471193 0.067901 0.057613
0 0.795525 0.577160 0.072531 0.047325
0 0.783179 0.674897 0.066358 0.086420
0 0.750772 0.755144 0.066358 0.086420
0 0.689043 0.825103 0.069444 0.061728
0 0.605710 0.887860 0.066358 0.067901
0 0.527778 0.912551 0.070988 0.084362
0 0.426698 0.883745 0.057099 0.072016
0 0.348765 0.822016 0.067901 0.100823
0 0.341049 0.379630 0.070988 0.063786
0 0.325617 0.506173 0.061728 0.090535
0 0.328704 0.639918 0.055556 0.069959
0 0.405093 0.723251 0.060185 0.080247
0 0.469136 0.782922 0.058642 0.055556
0 0.538580 0.796296 0.055556 0.082305
0 0.615741 0.764403 0.027778 0.059671
0 0.667438 0.713992 0.057099 0.057613
0 0.704475 0.633745 0.063272 0.061728
0 0.720679 0.548354 0.061728 0.076132
0 0.727623 0.459877 0.069444 0.059671
0 0.694444 0.354938 0.070988 0.051440
0 0.625000 0.260288 0.049383 0.080247
0 0.561728 0.217078 0.058642 0.055556
0 0.476852 0.223251 0.077160 0.067901
0 0.407407 0.277778 0.058642 0.098765
0 0.406636 0.431070 0.060185 0.072016
0 0.404321 0.551440 0.055556 0.069959
0 0.434414 0.636831 0.063272 0.063786
0 0.509259 0.693416 0.064815 0.074074
0 0.591821 0.673868 0.057099 0.067901
0 0.633488 0.582305 0.032407 0.082305
0 0.671296 0.504115 0.052469 0.082305
0 0.628858 0.399177 0.054012 0.074074
0 0.560957 0.336420 0.063272 0.072016
0 0.482253 0.342593 0.044753 0.076132
0 0.477623 0.487654 0.060185 0.074074
0 0.505401 0.595679 0.069444 0.063786
0 0.587963 0.581276 0.052469 0.063786
0 0.548611 0.502058 0.038580 0.082305
0 0.600309 0.476337 0.043210 0.080247
0 0.540123 0.419753 0.074074 0.074074