0 0.226852 0.158436 0.154321 0.148148
0 0.393519 0.128601 0.141975 0.113169
0 0.559414 0.104938 0.149691 0.106996
0 0.729938 0.149177 0.108025 0.129630
0 0.867284 0.209877 0.191358 0.094650
0 0.944444 0.334362 0.101852 0.141975
0 0.949074 0.421811 0.074074 0.094650
0 0.960648 0.549383 0.078704 0.144033
0 0.869599 0.623457 0.131173 0.123457
0 0.805556 0.480453 0.123457 0.125514
0 0.734568 0.322016 0.151235 0.072016
0 0.644290 0.256173 0.149691 0.096708
0 0.527778 0.223251 0.141975 0.104938
0 0.335648 0.287037 0.202160 0.125514
0 0.157407 0.272634 0.154321 0.104938
0 0.088735 0.350823 0.115741 0.125514
0 0.031636 0.461934 0.063272 0.117284
0 0.077932 0.598765 0.152778 0.111111
0 0.137346 0.722222 0.206790 0.098765
0 0.251543 0.622428 0.154321 0.084362
0 0.166667 0.486626 0.179012 0.100823
0 0.287809 0.395062 0.177469 0.074074
0 0.324846 0.507202 0.171296 0.141975
0 0.471451 0.440329 0.171296 0.115226
0 0.516975 0.336420 0.160494 0.092593
0 0.620370 0.434156 0.169753 0.111111
0 0.693673 0.616255 0.149691 0.129630
0 0.501543 0.551440 0.145062 0.139918
0 0.390432 0.676955 0.141975 0.156379
0 0.260802 0.776749 0.141975 0.117284
0 0.450617 0.799383 0.154321 0.121399
0 0.621142 0.792181 0.152778 0.127572
0 0.530864 0.708848 0.148148 0.125514
0 0.750000 0.757202 0.175926 0.115226