4 0.746914 0.420782 0.067901 0.059671
4 0.603299 0.646862 0.068480 0.095165
4 0.316840 0.457176 0.087770 0.065586
4 0.453800 0.380658 0.037616 0.072016
4 0.479360 0.311857 0.046296 0.029578
4 0.564718 0.317644 0.045332 0.043724
4 0.522280 0.284851 0.031829 0.032150
4 0.714699 0.250129 0.079090 0.037294
4 0.564236 0.156250 0.028935 0.032150
4 0.469232 0.181327 0.043403 0.030864
4 0.298515 0.165895 0.043403 0.036008
0 0.234449 0.348211 0.100902 0.098132
0 0.354345 0.239000 0.098528 0.079139
0 0.346629 0.364039 0.116334 0.088636
0 0.297958 0.579297 0.113960 0.170940
0 0.480769 0.658436 0.113960 0.155112
0 0.494421 0.485913 0.124644 0.104463
0 0.570394 0.400443 0.129392 0.113960
0 0.719967 0.581671 0.136515 0.172523
0 0.798314 0.336341 0.131766 0.087053
0 0.699193 0.348211 0.092593 0.094967
0 0.622626 0.264324 0.081909 0.085470
0 0.543091 0.226337 0.074786 0.075973
0 0.459995 0.258784 0.091406 0.074391
0 0.390551 0.148781 0.083096 0.079139
0 0.501543 0.116334 0.077160 0.077556
0 0.695038 0.180437 0.096154 0.091801