0 0.702065 0.920190 0.112094 0.121800
0 0.586529 0.889740 0.105211 0.105191
0 0.532448 0.953636 0.091445 0.092728
0 0.381023 0.932185 0.081613 0.127337
0 0.448378 0.766094 0.094395 0.123646
0 0.229105 0.740257 0.110128 0.190082
0 0.269420 0.567707 0.076696 0.143946
0 0.359882 0.593543 0.096362 0.132873
0 0.320059 0.398847 0.097345 0.179010
0 0.415438 0.464361 0.095379 0.121800
0 0.416421 0.296424 0.077679 0.184546
0 0.515241 0.365629 0.082596 0.131028
0 0.650934 0.342561 0.098328 0.188237
0 0.610128 0.528952 0.093412 0.132873
0 0.620452 0.715344 0.084562 0.129182
0 0.728122 0.497579 0.105211 0.188237
0 0.756637 0.708884 0.085546 0.138410