0 0.245575 0.306416 0.140118 0.143805
0 0.275074 0.191372 0.092920 0.126106
0 0.402655 0.311947 0.126844 0.132743
0 0.543510 0.357301 0.081121 0.108407
0 0.663717 0.359513 0.082596 0.103982
0 0.803835 0.376106 0.109145 0.097345
0 0.909292 0.436947 0.119469 0.050885
0 0.789823 0.459071 0.113569 0.081858
0 0.677729 0.459071 0.098820 0.081858
0 0.396755 0.629425 0.115044 0.103982
0 0.454277 0.748894 0.153392 0.099558
0 0.612832 0.817478 0.154867 0.108407
0 0.537611 0.651549 0.131268 0.086283
0 0.696165 0.653761 0.156342 0.090708
0 0.697640 0.751106 0.135693 0.086283
0 0.783186 0.889381 0.171091 0.137168
0 0.932891 0.883850 0.134218 0.081858
0 0.837758 0.768805 0.117994 0.090708
0 0.816372 0.665929 0.113569 0.075221
0 0.949853 0.751106 0.097345 0.081858
0 0.946903 0.646018 0.103245 0.092920
0 0.981563 0.528761 0.028024 0.066372
0 0.782448 0.563053 0.134218 0.068584
0 0.903392 0.558628 0.084071 0.081858