0 0.209440 0.452802 0.120944 0.128721
0 0.302360 0.619067 0.126844 0.143738
0 0.354720 0.394878 0.119469 0.133012
0 0.345870 0.241486 0.101770 0.135157
0 0.465339 0.150308 0.113569 0.094395
0 0.618732 0.047332 0.098820 0.077233
0 0.607670 0.164253 0.120944 0.083669
0 0.495575 0.292974 0.100295 0.100831
0 0.526549 0.405605 0.094395 0.090105
0 0.627581 0.746715 0.125369 0.180209
0 0.792773 0.681282 0.119469 0.117994
0 0.928466 0.561142 0.134218 0.109413
0 0.974926 0.266157 0.050147 0.133012
0 0.887168 0.146018 0.098820 0.081523
0 0.773599 0.064495 0.098820 0.094395
0 0.775811 0.185707 0.117994 0.083669
0 0.709440 0.323009 0.115044 0.096541
0 0.714602 0.488201 0.125369 0.117994
0 0.853982 0.436712 0.123894 0.100831