0 0.429464 0.689745 0.079820 0.070763
0 0.551362 0.697786 0.073746 0.070763
0 0.646365 0.676075 0.091966 0.065938
0 0.739632 0.615766 0.084158 0.061113
0 0.638123 0.538570 0.073746 0.080412
0 0.533576 0.590838 0.083290 0.059505
0 0.514923 0.506405 0.077217 0.077196
0 0.409943 0.559477 0.072011 0.077196
0 0.285875 0.528117 0.075482 0.078804
0 0.298456 0.658384 0.072879 0.088453
0 0.223508 0.594924 0.097572 0.084123
0 0.183231 0.511852 0.091899 0.069402
0 0.157704 0.418265 0.079419 0.075711
0 0.157136 0.324677 0.071477 0.082020
0 0.188337 0.258430 0.047651 0.075711
0 0.284774 0.191132 0.081688 0.075711
0 0.277400 0.311007 0.057862 0.075711
0 0.255276 0.409852 0.093034 0.088330
0 0.397096 0.346760 0.077150 0.058886
0 0.378943 0.259482 0.081688 0.069402
0 0.393692 0.179565 0.058997 0.090433
0 0.491264 0.177462 0.070343 0.065196
0 0.495802 0.246863 0.090765 0.073608
0 0.589403 0.199544 0.062401 0.067299
0 0.595643 0.307853 0.077150 0.065196
0 0.500908 0.357275 0.087361 0.075711
0 0.422056 0.461378 0.090765 0.073608
0 0.582596 0.430883 0.078285 0.100948
0 0.694917 0.440347 0.087361 0.073608
0 0.676764 0.353069 0.080554 0.058886
0 0.696052 0.219523 0.044248 0.052577
0 0.748809 0.281564 0.090765 0.054680
0 0.802133 0.357275 0.079419 0.063093
0 0.820853 0.448759 0.105514 0.073608
0 0.808373 0.546553 0.103245 0.063093