0 0.147620 0.485597 0.171156 0.172840
0 0.417778 0.501029 0.154376 0.170782
0 0.189570 0.713992 0.208072 0.135802
0 0.296962 0.139918 0.144308 0.139918
0 0.528526 0.074074 0.151020 0.123457
0 0.492449 0.266461 0.109070 0.129630
0 0.791133 0.116255 0.125850 0.125514
0 0.784421 0.327160 0.169478 0.164609
0 0.625850 0.444444 0.120816 0.156379
0 0.948004 0.253086 0.103992 0.152263
0 0.808752 0.517490 0.130884 0.158436
0 0.687936 0.688272 0.100680 0.199588
0 0.472313 0.929012 0.152698 0.141975
0 0.758412 0.935185 0.181224 0.129630
0 0.938775 0.808642 0.122450 0.156379