3 0.441285 0.470312 0.100676 0.094062
3 0.598912 0.323339 0.117578 0.137174
3 0.648516 0.589849 0.121252 0.099941
3 0.688198 0.689300 0.060994 0.087204
3 0.551514 0.779933 0.094797 0.105820
3 0.417769 0.687831 0.099206 0.060749
3 0.271686 0.722331 0.085283 0.082305
3 0.220165 0.537037 0.069959 0.089163
3 0.292695 0.467764 0.056584 0.090535
3 0.284979 0.269547 0.063786 0.091907
3 0.373971 0.258573 0.052469 0.075446
3 0.487654 0.204390 0.076132 0.101509
3 0.635288 0.117284 0.066872 0.064472
3 0.756173 0.242798 0.041152 0.076818
3 0.790638 0.485597 0.056584 0.068587
5 0.585391 0.889575 0.065844 0.072702
5 0.489712 0.864883 0.024691 0.067215
5 0.362654 0.781893 0.046296 0.068587
5 0.465535 0.759259 0.036008 0.048011
5 0.808642 0.644719 0.067901 0.079561
5 0.517490 0.567215 0.041152 0.078189
5 0.313272 0.568587 0.058642 0.067215
5 0.234568 0.618656 0.057613 0.054870
5 0.202160 0.438272 0.058642 0.039781
5 0.376029 0.499314 0.052469 0.049383
5 0.595165 0.399177 0.177984 0.213992
5 0.679527 0.389575 0.038066 0.046639
5 0.514403 0.315501 0.074074 0.063100
5 0.224794 0.272977 0.046296 0.060357
5 0.279835 0.165981 0.032922 0.060357
5 0.448045 0.104938 0.058642 0.072702
5 0.547325 0.086420 0.032922 0.057613
5 0.575103 0.128258 0.045267 0.089163
5 0.797325 0.257202 0.049383 0.053498
0 0.400720 0.814815 0.155350 0.126200
0 0.265947 0.729767 0.108025 0.134431
0 0.618313 0.762689 0.119342 0.142661
0 0.734053 0.557613 0.157407 0.141289
0 0.561728 0.534979 0.121399 0.134431
0 0.435185 0.610425 0.133745 0.142661
0 0.399691 0.377229 0.110082 0.159122
0 0.250514 0.320302 0.122428 0.138546
0 0.358539 0.187243 0.097737 0.165981
0 0.495370 0.172154 0.145062 0.182442
0 0.641461 0.167353 0.091564 0.172840
0 0.748457 0.366941 0.155350 0.138546