0 0.210905 0.195473 0.096708 0.057613
0 0.106996 0.259259 0.102881 0.065844
0 0.106996 0.359053 0.102881 0.063786
0 0.051440 0.433128 0.102880 0.084362
0 0.188272 0.409465 0.088477 0.098765
0 0.387860 0.328189 0.080247 0.067901
0 0.264403 0.296296 0.154321 0.078189
0 0.255144 0.493827 0.127572 0.024691
0 0.109053 0.533951 0.102881 0.113169
0 0.221193 0.676955 0.150206 0.082305
0 0.265432 0.588477 0.135802 0.082305
0 0.398148 0.537037 0.092593 0.086420
0 0.419753 0.433128 0.074074 0.076132
0 0.528807 0.506173 0.106996 0.082305
0 0.534979 0.616255 0.135802 0.059671
0 0.466049 0.729424 0.133745 0.104938
0 0.637860 0.694444 0.078189 0.150206
0 0.736626 0.621399 0.065844 0.074074