0 0.095870 0.459071 0.091445 0.134956
0 0.202802 0.500000 0.110619 0.097345
0 0.301622 0.557522 0.134218 0.092920
0 0.346608 0.429204 0.117994 0.106195
0 0.562684 0.649336 0.175516 0.134956
0 0.746313 0.608407 0.129794 0.106195
0 0.880531 0.426991 0.144543 0.119469
0 0.571534 0.337389 0.137168 0.126106
0 0.548673 0.502212 0.141593 0.123894
0 0.830383 0.313053 0.112094 0.108407
0 0.949853 0.192478 0.100294 0.088496
0 0.913717 0.075221 0.125369 0.092920
0 0.805310 0.195796 0.120944 0.068584
0 0.777286 0.079646 0.126844 0.092920
0 0.662242 0.113938 0.112094 0.068584
0 0.630531 0.056416 0.104720 0.112832
0 0.467552 0.167035 0.070796 0.099558
0 0.328909 0.141593 0.194690 0.110619
0 0.253687 0.277655 0.112094 0.108407
0 0.132743 0.308628 0.123894 0.077434
0 0.068584 0.209071 0.075221 0.108407
0 0.158555 0.043142 0.060472 0.073009