0 0.183128 0.483539 0.145405 0.069959
0 0.242112 0.597737 0.115226 0.088477
0 0.394376 0.704733 0.090535 0.072016
0 0.613855 0.691358 0.079561 0.053498
0 0.704390 0.631687 0.096022 0.061728
0 0.790809 0.591564 0.115226 0.067901
0 0.676955 0.478395 0.063100 0.076132
0 0.712620 0.382716 0.112483 0.053498
0 0.644033 0.333333 0.063100 0.074074
0 0.416324 0.243827 0.117970 0.059671
0 0.336763 0.355967 0.106996 0.078189
0 0.239369 0.380658 0.109739 0.053498
0 0.338134 0.542181 0.109739 0.051440
0 0.335391 0.629630 0.082305 0.061728
0 0.523320 0.671811 0.079561 0.059671
0 0.539781 0.592593 0.106996 0.045267
0 0.427298 0.600823 0.046639 0.086420
0 0.572702 0.505144 0.106996 0.084362
0 0.468450 0.445473 0.101509 0.084362
0 0.580933 0.395062 0.079561 0.061728
0 0.502743 0.342593 0.098765 0.063786
0 0.563100 0.291152 0.093278 0.063786