4 0.405605 0.299779 0.050147 0.064159
4 0.550147 0.308628 0.085546 0.064159
4 0.573746 0.196903 0.050147 0.079646
4 0.707227 0.209071 0.069322 0.073009
4 0.734513 0.452434 0.044248 0.090708
4 0.879794 0.466814 0.033923 0.070796
4 0.864307 0.582965 0.044248 0.073009
4 0.652655 0.571903 0.081121 0.077434
4 0.629056 0.641593 0.069322 0.088496
4 0.560472 0.539823 0.070796 0.066372
4 0.460914 0.637168 0.051622 0.057522
4 0.372419 0.626106 0.081121 0.070796
4 0.515487 0.932522 0.054572 0.059735
4 0.640855 0.878319 0.063422 0.070796
4 0.736726 0.871681 0.048673 0.066372
1 0.668142 0.285398 0.061947 0.070796
1 0.758850 0.165929 0.069322 0.123894
1 0.569322 0.084071 0.056047 0.088496
1 0.273599 0.370575 0.054572 0.081858
1 0.382006 0.742257 0.067847 0.108407
1 0.483038 0.821903 0.089971 0.086283
1 0.823746 0.678097 0.110619 0.081858
1 0.640855 0.358407 0.036873 0.084071
1 0.452065 0.375000 0.060472 0.081858