0 0.056622 0.466049 0.096387 0.059671
0 0.144976 0.386831 0.067471 0.061728
0 0.234937 0.316872 0.093174 0.053498
0 0.377910 0.290123 0.096387 0.037037
0 0.528916 0.265432 0.096387 0.049383
0 0.646186 0.306584 0.093174 0.049383
0 0.758637 0.368313 0.073896 0.049383
0 0.829321 0.451646 0.086748 0.047325
0 0.829321 0.537037 0.093174 0.045267
0 0.787553 0.630658 0.086748 0.047325
0 0.647793 0.673868 0.096387 0.084362
0 0.508032 0.716049 0.106025 0.057613
0 0.287950 0.697531 0.134941 0.045267
0 0.125699 0.621399 0.118877 0.069959
0 0.307227 0.563786 0.115664 0.061728
0 0.418071 0.623457 0.125302 0.053498
0 0.594780 0.601852 0.099599 0.051440
0 0.697592 0.530864 0.086748 0.049383
0 0.683134 0.445473 0.096387 0.039095
0 0.524097 0.354938 0.093174 0.047325
0 0.345782 0.361111 0.070683 0.034979
0 0.377910 0.445473 0.077109 0.059671
0 0.247789 0.454733 0.080322 0.045267
0 0.528916 0.432099 0.083535 0.049383
0 0.467871 0.530864 0.083535 0.065844