0 0.433153 0.137860 0.176667 0.111111
0 0.642050 0.128601 0.150405 0.080247
0 0.550135 0.218107 0.133694 0.102881
0 0.414054 0.263374 0.076396 0.094650
0 0.286329 0.310700 0.179054 0.094650
0 0.195608 0.382716 0.126532 0.115226
0 0.178896 0.489712 0.155180 0.098765
0 0.164572 0.592593 0.112207 0.127572
0 0.261261 0.807613 0.109820 0.150206
0 0.440315 0.834362 0.105045 0.104938
0 0.566847 0.880658 0.162342 0.082305
0 0.692185 0.879630 0.150405 0.084362
0 0.796036 0.742798 0.128919 0.123457
0 0.640856 0.742798 0.100270 0.115226
0 0.490450 0.717078 0.105045 0.121399
0 0.363919 0.700617 0.119369 0.109053
0 0.291103 0.555556 0.140856 0.082305
0 0.309009 0.434156 0.128919 0.086420
0 0.468964 0.373457 0.090721 0.088477
0 0.608626 0.441358 0.107432 0.096708
0 0.550135 0.584362 0.076396 0.090535
0 0.650405 0.599794 0.085946 0.100823
0 0.744707 0.563786 0.083559 0.131687
0 0.881982 0.621399 0.162342 0.061728
0 0.844978 0.509259 0.112207 0.113169
0 0.743514 0.433128 0.095496 0.092593
0 0.849752 0.358025 0.102658 0.086420
0 0.757838 0.272634 0.076396 0.100823
0 0.675473 0.322016 0.131306 0.088477