0 0.185507 0.109954 0.125386 0.057870
0 0.306070 0.068158 0.125386 0.033436
0 0.273116 0.166538 0.123778 0.086163
0 0.452353 0.110597 0.115741 0.072016
0 0.509420 0.275849 0.078768 0.065586
0 0.426633 0.437886 0.086806 0.109311
0 0.111561 0.413452 0.141461 0.052726
0 0.249807 0.488040 0.115741 0.063014
0 0.119599 0.544624 0.109311 0.075874
0 0.089056 0.657150 0.106096 0.079733
0 0.249807 0.574203 0.080376 0.081019
0 0.326164 0.661008 0.120563 0.072016
0 0.429044 0.724666 0.155928 0.091307
0 0.601048 0.778035 0.143068 0.102881
0 0.784304 0.787037 0.162359 0.087449
0 0.803594 0.703447 0.143068 0.074588
0 0.940779 0.675154 0.118441 0.072016
0 0.949621 0.588349 0.100758 0.070730
0 0.899241 0.483539 0.109311 0.051440
0 0.798772 0.417953 0.098058 0.061728
0 0.852623 0.376157 0.099666 0.060442
0 0.769033 0.331790 0.077160 0.033436
0 0.735275 0.357510 0.128601 0.041152
0 0.651685 0.315072 0.115741 0.043724
0 0.594618 0.324074 0.120563 0.056584
0 0.519869 0.368441 0.070730 0.060442
0 0.554430 0.462963 0.114133 0.056584
0 0.636413 0.426312 0.088413 0.052726
0 0.765818 0.493827 0.122171 0.054012
0 0.642040 0.501543 0.112526 0.069444
0 0.573720 0.535622 0.110918 0.081019
0 0.466017 0.559414 0.091628 0.074588
0 0.556842 0.647505 0.144676 0.088735
0 0.797164 0.588349 0.146283 0.086163
0 0.696695 0.623714 0.096451 0.061728