0 0.215339 0.381669 0.123894 0.119660
0 0.312684 0.587751 0.123894 0.143593
0 0.359882 0.324498 0.109145 0.111683
0 0.352507 0.130382 0.100295 0.159547
0 0.460914 0.037270 0.119469 0.074540
0 0.618732 0.061245 0.119469 0.101047
0 0.764012 0.055927 0.115044 0.095728
0 0.885693 0.034611 0.101770 0.069222
0 0.970501 0.148996 0.058997 0.143593
0 0.985251 0.317850 0.029498 0.082433
0 0.926991 0.518614 0.119469 0.159547
0 0.846608 0.363055 0.126844 0.135615
0 0.851770 0.199519 0.104720 0.101047
0 0.707965 0.214144 0.117994 0.146252
0 0.497788 0.188883 0.146018 0.106365
0 0.538348 0.320509 0.109145 0.066478
0 0.545723 0.469420 0.123894 0.071796
0 0.617257 0.711400 0.137168 0.188798
0 0.789086 0.666195 0.138643 0.156888
0 0.707227 0.424215 0.131268 0.188798