0 0.180041 0.265432 0.224280 0.168724
0 0.391975 0.086420 0.162551 0.160494
0 0.554527 0.065844 0.179012 0.131687
0 0.728395 0.153292 0.176955 0.179012
0 0.861111 0.328189 0.195473 0.166667
0 0.873457 0.515432 0.137860 0.179012
0 0.834362 0.677984 0.191358 0.170782
0 0.654321 0.449588 0.156379 0.166667
0 0.546296 0.612140 0.203704 0.141975
0 0.339506 0.667695 0.205761 0.146091
0 0.117284 0.567901 0.152263 0.152263
0 0.309671 0.409465 0.174897 0.123457
0 0.470165 0.288066 0.158436 0.156379
0 0.231481 0.904321 0.195473 0.166667
0 0.495885 0.921811 0.139918 0.144033
0 0.697531 0.814815 0.189300 0.148148