0 0.304572 0.223451 0.104720 0.221239
0 0.422566 0.118099 0.107670 0.179098
0 0.541298 0.114149 0.070796 0.165929
0 0.646755 0.166825 0.140118 0.155394
0 0.708702 0.364359 0.151917 0.192267
0 0.681416 0.563211 0.129794 0.173831
0 0.623156 0.730457 0.116519 0.197535
0 0.490413 0.835809 0.137168 0.144859
0 0.385693 0.810788 0.166667 0.189633
0 0.274336 0.709387 0.129794 0.165929
0 0.240413 0.447324 0.115044 0.194901
0 0.380531 0.382796 0.073746 0.187000
0 0.392330 0.611936 0.085546 0.176464
0 0.508112 0.623788 0.087021 0.194901
0 0.572271 0.444690 0.100295 0.194901
0 0.491888 0.297198 0.116519 0.136957
0 0.480088 0.478930 0.098820 0.147493