0 0.216813 0.358025 0.146366 0.106996
0 0.288405 0.221193 0.143184 0.113169
0 0.429999 0.089506 0.152730 0.092593
0 0.571592 0.209877 0.143184 0.094650
0 0.490454 0.400206 0.190913 0.096708
0 0.375907 0.541152 0.159094 0.094650
0 0.390225 0.741770 0.187731 0.129630
0 0.799096 0.681070 0.210004 0.115226
0 0.646366 0.551440 0.133639 0.094650
0 0.813415 0.322016 0.187731 0.092593
0 0.883416 0.168724 0.162276 0.098765
0 0.705231 0.050412 0.187731 0.100823
0 0.942504 0.462963 0.114992 0.139918
6 0.880234 0.585391 0.111366 0.067901