0 0.329675 0.670307 0.164821 0.090218
0 0.456461 0.584046 0.135238 0.066477
0 0.699466 0.381450 0.097202 0.066477
0 0.681505 0.465337 0.103542 0.047483
0 0.801951 0.466129 0.120446 0.045901
0 0.856891 0.537354 0.103542 0.071225
0 0.733276 0.543685 0.092976 0.058563
0 0.628678 0.546850 0.057053 0.087053
0 0.786103 0.644191 0.160595 0.094967
0 0.501892 0.506489 0.095089 0.066477
0 0.445895 0.385407 0.071845 0.042735
0 0.418425 0.455840 0.088750 0.069642
0 0.574794 0.355334 0.071845 0.055397
0 0.450121 0.285692 0.092976 0.030073
0 0.336014 0.290440 0.080297 0.061728
0 0.184928 0.345046 0.095089 0.056980
0 0.250434 0.397278 0.095089 0.044318
0 0.285300 0.461380 0.131012 0.061728
0 0.226133 0.563469 0.118333 0.091801
0 0.325449 0.531814 0.177500 0.082305
0 0.138440 0.418645 0.128899 0.080722
0 0.052844 0.335549 0.105687 0.069642
0 0.190211 0.477208 0.139464 0.077556