0 0.188615 0.382716 0.161866 0.090535
0 0.129630 0.222222 0.131687 0.090535
0 0.205075 0.120370 0.117970 0.096708
0 0.373800 0.093621 0.087791 0.109053
0 0.502743 0.091564 0.082305 0.104938
0 0.431413 0.219136 0.137174 0.084362
0 0.408093 0.326132 0.156379 0.084362
0 0.683813 0.168724 0.142661 0.069959
0 0.781207 0.269547 0.128944 0.037037
0 0.641289 0.337449 0.117970 0.078189
0 0.759259 0.425926 0.096022 0.061728
0 0.930727 0.444444 0.109739 0.074074
0 0.951303 0.559671 0.085048 0.057613
0 0.833333 0.645062 0.139918 0.084362
0 0.645405 0.640947 0.148148 0.084362
0 0.730453 0.788066 0.120713 0.106996
0 0.550754 0.863169 0.134431 0.113169
0 0.390261 0.863169 0.120713 0.080247
0 0.233882 0.882716 0.065844 0.102881
0 0.102195 0.772634 0.120713 0.096708
0 0.202332 0.665638 0.112483 0.084362
0 0.136488 0.519547 0.117970 0.096708
0 0.027778 0.305556 0.055556 0.096708
0 0.361454 0.592593 0.096022 0.106996
0 0.475309 0.589506 0.115226 0.092593
0 0.620713 0.475309 0.109739 0.065844
0 0.591907 0.536008 0.134431 0.051440
0 0.302469 0.446502 0.060357 0.074074
0 0.574074 0.258230 0.093278 0.080247
0 0.541152 0.735597 0.142661 0.117284
0 0.377915 0.731481 0.096022 0.104938
0 0.943416 0.315844 0.113168 0.100823