0 0.305829 0.316872 0.075560 0.111111
0 0.449165 0.236626 0.095096 0.105301
0 0.587157 0.177923 0.094062 0.094408
0 0.704476 0.298354 0.097163 0.110143
0 0.779415 0.457516 0.077524 0.118615
0 0.706026 0.631808 0.096129 0.123457
0 0.590775 0.789155 0.072355 0.133140
0 0.438828 0.809126 0.107499 0.114984
0 0.471388 0.655410 0.087860 0.105301
0 0.592325 0.601549 0.112668 0.089567
0 0.284298 0.646938 0.085793 0.117405
0 0.254322 0.489591 0.100264 0.139191
0 0.373192 0.561002 0.106466 0.122246
0 0.497229 0.532559 0.096129 0.099250
0 0.616099 0.464173 0.098197 0.124667
0 0.543744 0.351610 0.096129 0.117405
0 0.423324 0.385500 0.095096 0.127088
3 0.648336 0.240300 0.062757 0.042622
3 0.680342 0.398295 0.053971 0.052910
3 0.701680 0.502646 0.038909 0.091123
3 0.567379 0.693710 0.089115 0.041152
3 0.400445 0.686361 0.048951 0.073486
3 0.321999 0.446796 0.070288 0.047031
3 0.498347 0.448266 0.081584 0.032334
3 0.430569 0.489418 0.056481 0.055850
3 0.498974 0.290270 0.055226 0.063198