0 0.244856 0.403292 0.094650 0.102881
0 0.328189 0.315844 0.100823 0.100823
0 0.425926 0.340535 0.082305 0.080247
0 0.597737 0.377572 0.080247 0.092593
0 0.682099 0.411523 0.067901 0.057613
0 0.703704 0.502058 0.090535 0.057613
0 0.655350 0.566872 0.063786 0.072016
0 0.532922 0.540123 0.094650 0.076132
0 0.556584 0.461934 0.084362 0.059671
0 0.413580 0.423868 0.106996 0.053498
0 0.133745 0.556584 0.098765 0.063786
0 0.222222 0.648148 0.115226 0.053498
0 0.347737 0.725309 0.098765 0.096708
0 0.481481 0.746914 0.094650 0.074074
0 0.618313 0.673868 0.100823 0.080247
0 0.432099 0.620370 0.090535 0.076132
0 0.281893 0.551440 0.074074 0.069959