1 0.117257 0.498671 0.084071 0.204721
1 0.469027 0.797777 0.106195 0.127619
1 0.912979 0.679464 0.088496 0.146230
1 0.595133 0.393651 0.134218 0.122301
1 0.826696 0.845634 0.054572 0.180793
1 0.712389 0.812400 0.088496 0.172817
1 0.161504 0.781824 0.125369 0.106349
1 0.312684 0.258056 0.056047 0.116984
1 0.842920 0.502659 0.101770 0.180793
1 0.930678 0.888173 0.076696 0.159523
1 0.666667 0.643571 0.103245 0.106349
1 0.463864 0.630277 0.089971 0.095714
1 0.362832 0.652876 0.058997 0.093055
1 0.379794 0.476072 0.075221 0.127619
1 0.236726 0.485377 0.081121 0.130277
1 0.165192 0.632936 0.135693 0.170158