3 0.423709 0.529835 0.149499 0.096708
3 0.261881 0.660494 0.103262 0.053498
3 0.253404 0.532922 0.095556 0.086420
3 0.746596 0.304527 0.077061 0.090535
3 0.869894 0.296296 0.089391 0.057613
3 0.914589 0.413580 0.092473 0.065844
3 0.946506 0.539095 0.106988 0.102881
3 0.876059 0.694444 0.129463 0.104938
3 0.629463 0.731481 0.086309 0.113169
3 0.452993 0.720165 0.097097 0.053498
3 0.610968 0.487654 0.110968 0.061728
3 0.448369 0.388889 0.100180 0.094650
3 0.195608 0.384774 0.087850 0.074074
3 0.262652 0.187243 0.095556 0.111111
3 0.519265 0.118313 0.100180 0.072016
3 0.439122 0.241770 0.097097 0.059671
3 0.543925 0.207819 0.053943 0.069959
3 0.762779 0.131687 0.050860 0.102881
3 0.888388 0.194444 0.058567 0.100823
3 0.677241 0.055556 0.036989 0.082305
3 0.968854 0.231481 0.062292 0.059671
3 0.974248 0.042181 0.051504 0.063786
3 0.873747 0.018519 0.047778 0.037037
3 0.335089 0.020576 0.129463 0.041152
0 0.443745 0.716049 0.217313 0.164609
0 0.230286 0.575103 0.215771 0.154321
0 0.194067 0.348765 0.167993 0.137860
0 0.283458 0.184156 0.189571 0.141975
0 0.392885 0.430041 0.149499 0.144033
0 0.637169 0.492798 0.221936 0.150206
0 0.828281 0.715021 0.215771 0.191358
0 0.909195 0.424897 0.161828 0.154321
0 0.647957 0.307613 0.271255 0.150206
0 0.716542 0.137860 0.158746 0.168724
0 0.800539 0.049383 0.228101 0.098765
0 0.937708 0.215021 0.123298 0.158436