0 0.321534 0.566513 0.085546 0.083423
0 0.463864 0.616115 0.110619 0.087932
0 0.245575 0.412068 0.069322 0.094696
0 0.280236 0.286934 0.041298 0.096951
0 0.382743 0.319627 0.066372 0.072149
0 0.372419 0.195620 0.057522 0.081168
0 0.465339 0.143763 0.063422 0.063131
0 0.485251 0.265515 0.056047 0.103715
0 0.390118 0.440251 0.089971 0.087932
0 0.530236 0.417705 0.060472 0.065385
0 0.528761 0.507891 0.075221 0.056367
0 0.640118 0.582295 0.091445 0.078913
0 0.648230 0.460543 0.095870 0.096951
0 0.767699 0.492109 0.089971 0.074404
0 0.806047 0.359083 0.081121 0.065385
0 0.621681 0.327518 0.101770 0.074404
0 0.734513 0.188856 0.073746 0.099205
0 0.620206 0.155036 0.066372 0.072149