0 0.575397 0.610670 0.142563 0.072016
0 0.745150 0.587889 0.123457 0.064668
0 0.831129 0.509259 0.174897 0.077895
0 0.814227 0.418136 0.105820 0.072016
0 0.756908 0.363022 0.097002 0.055850
0 0.625367 0.318930 0.133745 0.067607
0 0.458554 0.317460 0.114638 0.064668
0 0.307172 0.351999 0.135215 0.060259
0 0.234421 0.401969 0.086714 0.039683
0 0.183715 0.464433 0.120517 0.070547
0 0.354203 0.430629 0.132275 0.061728
0 0.488683 0.457084 0.089653 0.061728
0 0.515138 0.373310 0.121987 0.029394
0 0.637125 0.435038 0.119048 0.061728
0 0.608466 0.512199 0.126396 0.060259
0 0.369636 0.635655 0.133745 0.069077
0 0.437243 0.529101 0.083774 0.070547
0 0.298354 0.512934 0.108760 0.064668
0 0.201352 0.599647 0.141093 0.070547
0 0.105820 0.551881 0.126396 0.069077