3 0.450617 0.725309 0.077160 0.076132
3 0.620370 0.753086 0.046296 0.119342
3 0.608796 0.487654 0.087963 0.061728
3 0.435957 0.389918 0.044753 0.109053
3 0.545570 0.199710 0.063544 0.055677
3 0.733025 0.297144 0.066267 0.068991
3 0.747549 0.531954 0.049927 0.071411
3 0.414851 0.530743 0.103486 0.073832
3 0.259622 0.538005 0.099855 0.095618
3 0.281987 0.683689 0.098204 0.084175
3 0.877525 0.686495 0.119248 0.108492
3 0.951178 0.526562 0.086981 0.099140
3 0.212191 0.195473 0.117670 0.097737
0 0.198302 0.342593 0.168210 0.150206
0 0.416667 0.406379 0.206790 0.137860
0 0.253858 0.563786 0.192901 0.139918
0 0.498971 0.726680 0.273663 0.231139
0 0.861883 0.705761 0.202160 0.234568
0 0.662809 0.495885 0.233025 0.181070
0 0.666667 0.312757 0.234568 0.164609
0 0.506944 0.151235 0.143519 0.121399
0 0.271605 0.148148 0.175926 0.127572
0 0.747685 0.141975 0.162037 0.115226
0 0.936728 0.211934 0.126543 0.164609
0 0.967593 0.052469 0.064814 0.104938
0 0.783179 0.045267 0.208333 0.090534
0 0.452675 0.041152 0.310700 0.082304
3 0.099794 0.437586 0.131687 0.057613
3 0.897119 0.415638 0.121399 0.046639
3 0.861111 0.296296 0.051440 0.071331
3 0.534979 0.296296 0.082305 0.068587
3 0.680041 0.060357 0.078189 0.052126
3 0.445988 0.054870 0.103909 0.046639
3 0.350823 0.027435 0.078189 0.032922
3 0.495885 0.114540 0.084362 0.056241
0 0.901749 0.425926 0.196502 0.179698