0 0.226412 0.552469 0.180337 0.096708
0 0.768964 0.618313 0.180337 0.158436
0 0.251074 0.284979 0.075526 0.084362
0 0.375152 0.210905 0.073984 0.067901
0 0.372840 0.372428 0.112518 0.098765
0 0.457613 0.463992 0.100187 0.104938
0 0.552406 0.570988 0.138721 0.100823
0 0.547782 0.699588 0.141803 0.098765
0 0.405208 0.662551 0.103270 0.119342
0 0.668006 0.461934 0.095563 0.109053
0 0.825993 0.452675 0.100187 0.127572
0 0.815204 0.317901 0.094022 0.084362
0 0.703457 0.223251 0.144886 0.084362
0 0.539304 0.173868 0.087856 0.088477
0 0.550094 0.297325 0.103270 0.096708