0 0.312240 0.643004 0.094267 0.150206
0 0.450549 0.775720 0.117447 0.131687
0 0.595812 0.772634 0.095812 0.129630
0 0.524726 0.604938 0.089630 0.127572
0 0.440504 0.532922 0.103539 0.106996
0 0.483774 0.394033 0.091176 0.117284
0 0.591176 0.459877 0.086540 0.092593
0 0.692396 0.603909 0.115901 0.125514
0 0.713259 0.462963 0.095812 0.094650
0 0.820661 0.606996 0.106629 0.069959
0 0.353191 0.320988 0.092721 0.090535
0 0.251198 0.242798 0.089630 0.069959
0 0.146114 0.419753 0.098903 0.082305
0 0.264334 0.350823 0.047906 0.096708
0 0.310694 0.154321 0.063359 0.078189
0 0.395689 0.231481 0.075722 0.092593
0 0.401097 0.132716 0.083449 0.088477
0 0.483774 0.089506 0.078813 0.063786
0 0.512363 0.206790 0.074177 0.076132
0 0.489955 0.287037 0.066450 0.088477
0 0.598130 0.313786 0.088085 0.084362
0 0.642172 0.194444 0.077268 0.072016
0 0.591949 0.090535 0.091176 0.057613
0 0.754211 0.244856 0.081904 0.074074
0 0.699351 0.323045 0.083449 0.065844
0 0.812161 0.400206 0.089630 0.084362
4 0.202520 0.369342 0.063359 0.067901
4 0.436641 0.657407 0.092721 0.088477
4 0.678488 0.254115 0.041725 0.076132
4 0.659944 0.415638 0.041725 0.078189
4 0.518544 0.118313 0.071086 0.059671