0 0.245870 0.687243 0.196893 0.127572
0 0.242436 0.486626 0.167130 0.137860
0 0.173752 0.315844 0.135078 0.133745
0 0.395830 0.218107 0.144236 0.131687
0 0.558381 0.222222 0.125920 0.127572
0 0.746117 0.292181 0.171709 0.119342
0 0.652249 0.395062 0.144236 0.127572
0 0.787327 0.540123 0.199183 0.109053
0 0.517171 0.637860 0.144236 0.127572
0 0.486263 0.404321 0.132789 0.129630
6 0.508013 0.527778 0.240393 0.096708
6 0.242436 0.448560 0.254130 0.106996
4 0.559526 0.752058 0.059526 0.092593
4 0.636223 0.671811 0.052658 0.100823
4 0.767866 0.664609 0.082420 0.082305
4 0.398119 0.619342 0.052658 0.078189
4 0.779314 0.445473 0.059526 0.059671
4 0.778169 0.367284 0.048079 0.051440
4 0.662551 0.182099 0.091578 0.018519
4 0.348896 0.313786 0.073263 0.063786
4 0.296238 0.210905 0.073263 0.047325
4 0.284791 0.265432 0.073263 0.028807