0 0.279835 0.767490 0.156379 0.168724
0 0.500000 0.756173 0.172840 0.129630
0 0.750000 0.792181 0.146091 0.193416
0 0.923868 0.729424 0.127572 0.154321
0 0.878601 0.512346 0.135802 0.106996
0 0.648148 0.592593 0.127572 0.176955
0 0.505144 0.570988 0.109053 0.088477
0 0.319959 0.462963 0.232510 0.131687
0 0.105967 0.456790 0.141975 0.131687
0 0.048354 0.305556 0.092593 0.084362
0 0.078189 0.184156 0.156378 0.109053
0 0.506173 0.373457 0.148148 0.150206
0 0.721193 0.215021 0.137860 0.113169
0 0.752058 0.368313 0.150206 0.123457
0 0.888889 0.209877 0.152263 0.115226
0 0.922840 0.330247 0.133745 0.141975
0 0.835391 0.078189 0.127572 0.086420
0 0.336420 0.068930 0.207819 0.067901
0 0.583333 0.894033 0.347737 0.125514