0 0.469027 0.631321 0.102262 0.100284
0 0.541790 0.540349 0.088496 0.078795
0 0.699115 0.469434 0.082596 0.063036
0 0.820551 0.536767 0.101278 0.057305
0 0.857915 0.413980 0.088496 0.084167
0 0.758358 0.239378 0.090954 0.078795
0 0.715339 0.363838 0.110619 0.062678
0 0.634833 0.270717 0.102016 0.091330
0 0.558014 0.156106 0.090954 0.077004
0 0.535890 0.262658 0.090954 0.082376
0 0.368732 0.291311 0.105703 0.068050
0 0.308505 0.219679 0.095870 0.057305
0 0.200959 0.367420 0.062684 0.091330
0 0.346608 0.507997 0.110619 0.075213
0 0.347222 0.396968 0.045477 0.071632
3 0.433260 0.200876 0.055310 0.077004
3 0.481195 0.380851 0.084808 0.035816
3 0.566618 0.450692 0.076205 0.082376
3 0.200344 0.595746 0.164700 0.057305
3 0.345993 0.594851 0.104474 0.041188
3 0.599803 0.638725 0.078663 0.100284