0 0.495896 0.298959 0.143587 0.065359
0 0.306965 0.326192 0.119404 0.044783
0 0.323591 0.431494 0.098244 0.100460
0 0.214767 0.570080 0.143587 0.077463
0 0.463400 0.458122 0.090687 0.064149
0 0.579025 0.425442 0.104290 0.073832
0 0.733948 0.415759 0.111847 0.054466
0 0.746796 0.513193 0.134519 0.077463
0 0.610010 0.586420 0.123939 0.073832
0 0.659132 0.702009 0.113358 0.106512
0 0.517812 0.731058 0.099755 0.089567
0 0.442995 0.620310 0.074061 0.044783
0 0.343240 0.669329 0.164748 0.072622
4 0.427125 0.229363 0.030229 0.037521
4 0.248019 0.390341 0.037786 0.032680
4 0.692384 0.345558 0.055923 0.044783
4 0.346263 0.263859 0.040809 0.033890
4 0.421079 0.335270 0.048366 0.038732
4 0.471712 0.375817 0.074061 0.037521
4 0.539728 0.626967 0.043832 0.065359
4 0.483048 0.531348 0.042320 0.050835
4 0.418056 0.518640 0.048366 0.049625
4 0.347018 0.536795 0.051389 0.052046
4 0.322835 0.595497 0.054412 0.045994