5 0.293210 0.233539 0.100823 0.129630
5 0.360082 0.445473 0.164609 0.129630
5 0.238683 0.533951 0.098765 0.113169
5 0.818930 0.462963 0.148148 0.135802
5 0.677984 0.233539 0.113169 0.146091
5 0.556584 0.179012 0.076132 0.111111
5 0.468107 0.706790 0.059671 0.109053
5 0.746914 0.665638 0.082305 0.137860
5 0.649177 0.716049 0.072016 0.115226
5 0.296296 0.810700 0.115226 0.078189
5 0.367284 0.688272 0.096708 0.113169
6 0.508230 0.470165 0.074074 0.100823
6 0.150206 0.440329 0.119342 0.090535
6 0.677984 0.424897 0.113169 0.150206
6 0.425926 0.297325 0.094650 0.117284