6 0.425516 0.373845 0.089971 0.168207
6 0.446903 0.229983 0.082596 0.132795
6 0.258850 0.314087 0.107670 0.132795
6 0.277286 0.168012 0.064897 0.106236
6 0.294985 0.464588 0.165192 0.084104
6 0.401917 0.601810 0.134218 0.141648
6 0.598083 0.580784 0.057522 0.121729
6 0.525074 0.480081 0.038348 0.097383
6 0.578171 0.466801 0.017699 0.075251
6 0.596608 0.324046 0.066372 0.121729
6 0.747050 0.476761 0.125369 0.126155
6 0.686578 0.296381 0.122419 0.128369
6 0.575221 0.155839 0.073746 0.126155
6 0.455752 0.109361 0.073746 0.064184