0 0.246313 0.356080 0.079646 0.088566
0 0.365044 0.307368 0.084071 0.123993
0 0.360128 0.485048 0.071288 0.089796
0 0.444526 0.467826 0.072927 0.107018
0 0.527696 0.346048 0.073746 0.077496
0 0.566618 0.487508 0.090954 0.094717
0 0.496149 0.650494 0.068010 0.110708
0 0.620288 0.665255 0.072108 0.100867
0 0.562930 0.821924 0.081613 0.088566
0 0.437070 0.844804 0.061947 0.107756
0 0.435103 0.722287 0.077679 0.107756
0 0.335300 0.725239 0.055064 0.098899
0 0.294002 0.830043 0.057030 0.098899
0 0.352016 0.878016 0.070796 0.115136
0 0.205015 0.703836 0.075713 0.094471
0 0.291544 0.544416 0.040315 0.073805
0 0.359882 0.591652 0.047198 0.047235