7 0.699853 0.298673 0.033923 0.043363
7 0.719764 0.454572 0.038348 0.066077
7 0.394543 0.573304 0.054572 0.055752
4 0.505162 0.549558 0.075221 0.066077
4 0.636431 0.666224 0.063422 0.072271
4 0.798673 0.529941 0.063422 0.059882
4 0.811209 0.388496 0.056047 0.037168
4 0.487463 0.403982 0.072271 0.030973
4 0.651917 0.472124 0.056047 0.039233
4 0.648968 0.342035 0.061947 0.051622
4 0.641593 0.255310 0.035398 0.035103
4 0.461652 0.296608 0.044248 0.030973
4 0.414454 0.217109 0.058997 0.037168
4 0.321534 0.410177 0.058997 0.039233
4 0.208702 0.509292 0.063422 0.051622
4 0.378319 0.656932 0.089971 0.053687