4 0.498971 0.482510 0.039095 0.051440
4 0.183128 0.255144 0.053498 0.061728
4 0.460905 0.117284 0.045267 0.069959
4 0.747942 0.240741 0.030864 0.069959
4 0.844650 0.461934 0.063786 0.072016
4 0.638889 0.757202 0.088477 0.041152
4 0.304527 0.776749 0.057613 0.067901
4 0.120370 0.532922 0.067901 0.053498
2 0.323045 0.268519 0.127572 0.187243
2 0.748971 0.531893 0.065844 0.100823
2 0.670782 0.270576 0.102881 0.154321
7 0.304527 0.555556 0.069959 0.115226
7 0.484568 0.742798 0.063786 0.139918
7 0.474280 0.564815 0.084362 0.034979
7 0.486626 0.398148 0.096708 0.030864