7 0.816872 0.558642 0.065844 0.092593
7 0.578189 0.384774 0.111111 0.057613
7 0.397119 0.314815 0.102881 0.057613
7 0.427984 0.786008 0.082305 0.106996
7 0.523663 0.637860 0.084362 0.086420
4 0.530864 0.764403 0.049383 0.063786
4 0.676955 0.720165 0.061728 0.045267
4 0.725309 0.577160 0.063786 0.080247
4 0.398148 0.556584 0.059671 0.076132
4 0.593621 0.191358 0.129630 0.106996
4 0.458848 0.419753 0.069959 0.032922
4 0.554527 0.506173 0.072016 0.041152
4 0.235597 0.547325 0.072016 0.049383
4 0.275720 0.368313 0.069959 0.053498