7 0.462963 0.314815 0.152263 0.135802
7 0.500000 0.520576 0.144033 0.135802
7 0.834362 0.446502 0.129630 0.139918
7 0.610082 0.288066 0.109053 0.168724
7 0.598765 0.724280 0.201646 0.115226
7 0.229424 0.431070 0.158436 0.088477
7 0.224280 0.676955 0.148148 0.086420
7 0.475309 0.838477 0.119342 0.109053
2 0.229424 0.257202 0.072016 0.069959
2 0.176955 0.530864 0.106996 0.098765
2 0.792181 0.590535 0.123457 0.111111
2 0.630658 0.514403 0.080247 0.185185
2 0.810700 0.306584 0.222222 0.078189
2 0.387860 0.782922 0.067901 0.170782