7 0.498525 0.391646 0.050147 0.119411
7 0.487463 0.670271 0.092920 0.101720
7 0.691003 0.516585 0.066372 0.046438
7 0.682891 0.251228 0.088496 0.033170
7 0.411504 0.176043 0.050147 0.081818
7 0.313422 0.418182 0.048673 0.053071
7 0.283186 0.741033 0.053097 0.110565
7 0.837021 0.560811 0.063422 0.072973
4 0.379056 0.701229 0.067847 0.048649
4 0.530236 0.517690 0.060472 0.044226
4 0.757375 0.738821 0.054572 0.057494
4 0.691003 0.432555 0.048673 0.037592
4 0.565634 0.278869 0.054572 0.061917
3 0.824484 0.692384 0.079646 0.176905
3 0.907817 0.379484 0.081121 0.170271
3 0.606195 0.592875 0.079646 0.163637
2 0.584071 0.804055 0.153392 0.103932
2 0.688053 0.119655 0.075221 0.088452
2 0.565634 0.082062 0.084071 0.079607