4 0.766224 0.444248 0.066372 0.053687
4 0.661504 0.287316 0.057522 0.049558
4 0.595133 0.492773 0.042773 0.051622
4 0.747050 0.584661 0.051622 0.049558
4 0.486726 0.660029 0.067847 0.043363
4 0.353982 0.384366 0.056047 0.053687
4 0.405605 0.267699 0.047198 0.055752
4 0.503687 0.357522 0.048673 0.037168
4 0.190265 0.378171 0.050147 0.053687
4 0.252950 0.547493 0.042773 0.053687
7 0.334808 0.649705 0.064897 0.051622
7 0.235988 0.457670 0.070796 0.047493
7 0.519174 0.218142 0.064897 0.030973
7 0.617994 0.640413 0.058997 0.061947
7 0.672566 0.519617 0.044248 0.059882
7 0.620206 0.359587 0.048673 0.070206
7 0.346608 0.319322 0.061947 0.039233