7 0.601852 0.304527 0.154321 0.135802
7 0.437243 0.307613 0.146091 0.121399
7 0.507202 0.521605 0.113169 0.150206
7 0.648148 0.724280 0.102881 0.160494
7 0.473251 0.799383 0.123457 0.076132
7 0.227366 0.687243 0.137860 0.090535
7 0.256173 0.425926 0.133745 0.139918
7 0.339506 0.272634 0.094650 0.113169
2 0.775720 0.686214 0.148148 0.047325
2 0.636831 0.507202 0.080247 0.154321
2 0.163580 0.527778 0.154321 0.080247
2 0.295267 0.804527 0.100823 0.148148
2 0.413580 0.584362 0.115226 0.090535
2 0.808642 0.316872 0.189300 0.086420